1.386207833402642794e-02
5.430504095415900068e-03
4.995036130497316519e-03
1.024860271311044298e-02
1.386207833402643141e-02
1.477481042886280745e-02
1.079424983759042639e-02
1.079424983759043159e-02
5.622320313147107299e-03
2.706360354662477874e-03
1.386207833402642794e-02
1.886940965459110373e-02
1.386207833402643141e-02
5.622320313147107299e-03
7.163428959294995332e-03
1.386207833402643488e-02
1.386207833402643141e-02
9.089016316481549410e-03
1.886940965459110026e-02
5.430504095415901802e-03
5.430504095415901802e-03
1.477481042886281092e-02
4.185799235861403789e-03
1.024860271311044471e-02
2.706360354662477874e-03
9.089016316481545940e-03
9.089016316481547675e-03
4.185799235861402054e-03
5.622320313147106431e-03
1.079424983759042812e-02
1.199520020046091276e-02
1.079424983759043159e-02
1.627918237037050825e-02
1.199520020046090582e-02
1.024860271311044645e-02
1.079424983759042465e-02
4.995036130497315652e-03
1.749079182531665735e-02
1.886940965459110373e-02
9.089016316481545940e-03
5.622320313147102962e-03
4.185799235861402054e-03
4.185799235861401187e-03
1.749079182531666776e-02
1.199520020046091276e-02
1.024860271311044645e-02
1.749079182531666082e-02
4.995036130497319121e-03
1.024860271311044298e-02
1.477481042886281092e-02
1.477481042886281092e-02
4.995036130497317386e-03
1.024860271311044645e-02
1.079424983759042812e-02
5.430504095415901802e-03
9.089016316481547675e-03
4.185799235861402054e-03
4.185799235861402921e-03
1.386207833402643141e-02
5.622320313147107299e-03
1.079424983759042812e-02
5.430504095415900935e-03
1.386207833402642448e-02
4.185799235861402921e-03
9.089016316481545940e-03
1.477481042886280745e-02
5.430504095415900935e-03
1.749079182531666082e-02
1.749079182531665735e-02
4.995036130497317386e-03
1.024860271311045165e-02
5.430504095415903537e-03
9.089016316481547675e-03
2.706360354662477874e-03
1.749079182531666429e-02
1.477481042886279877e-02
1.079424983759042812e-02
5.622320313147108166e-03
1.477481042886280745e-02
4.185799235861403789e-03
1.627918237037050131e-02
1.749079182531665388e-02
1.199520020046090582e-02
5.430504095415904404e-03
9.089016316481545940e-03
5.622320313147108166e-03
1.627918237037049784e-02
4.995036130497317386e-03
7.163428959294996200e-03
1.886940965459108985e-02
1.627918237037050478e-02
2.706360354662477007e-03
4.995036130497317386e-03
1.024860271311044645e-02
4.995036130497317386e-03
7.163428959294996200e-03
7.163428959294995332e-03
1.749079182531665735e-02
5.622320313147106431e-03
1.477481042886281265e-02
