3.704697986577181607e-02
3.842611154691691344e-02
4.106154099442689553e-02
3.968570206825240004e-02
4.527276601102103032e-02
4.819382705288745988e-02
3.578722545165498314e-02
4.144304986586865719e-02
3.766011021044577550e-02
4.235912856718225539e-02
3.706079528227178982e-02
3.426863591293120848e-02
3.723713646532438720e-02
3.777726002558217527e-02
4.162988018692716230e-02
3.624579000417926800e-02
3.696601683178863534e-02
4.796417229303136243e-02
4.062591398161868178e-02
3.506817939703845560e-02
3.875679130712687825e-02
4.135503199261588575e-02
4.236600461432676185e-02
4.568237504479115418e-02
4.005957502601797948e-02
