8.275862068965517473e-03
1.620689655172413701e-02
2.344827586206896589e-02
2.999999999999999889e-02
3.586206896551723949e-02
4.103448275862069117e-02
4.551724137931034697e-02
4.931034482758620691e-02
5.241379310344827791e-02
5.482758620689655304e-02
5.655172413793103231e-02
5.758620689655172264e-02
5.793103448275862405e-02
5.758620689655172264e-02
5.655172413793103231e-02
5.482758620689655304e-02
5.241379310344827791e-02
4.931034482758620691e-02
4.551724137931034697e-02
4.103448275862069117e-02
3.586206896551723949e-02
2.999999999999999889e-02
2.344827586206896589e-02
1.620689655172413701e-02
8.275862068965517473e-03
