3.560606060606060635e-02
1.060606060606060635e-01
1.613636363636363757e-01
6.590909090909090329e-02
1.818181818181818094e-02
1.818181818181818094e-02
1.651515151515151603e-01
5.227272727272726932e-02
5.151515151515151381e-02
1.818181818181818094e-02
3.560606060606060635e-02
1.818181818181818094e-02
1.818181818181818094e-02
1.818181818181818094e-02
3.560606060606060635e-02
1.818181818181818094e-02
1.818181818181818094e-02
1.818181818181818094e-02
1.818181818181818094e-02
1.818181818181818094e-02
1.818181818181818094e-02
1.818181818181818094e-02
1.818181818181818094e-02
1.818181818181818094e-02
1.818181818181818094e-02
