5.198810686074379489e-02
0.000000000000000000e+00
3.124167924025918197e-02
8.649152391941071494e-02
3.643383331854089385e-02
3.792047572557027263e-02
8.187627584982697104e-03
3.283926511049970517e-03
3.283926511049970517e-03
4.371172450519217323e-02
3.283926511049970517e-03
1.872725659004172497e-02
2.409692020946126861e-02
2.924469690245852169e-02
0.000000000000000000e+00
1.837223750776605102e-02
0.000000000000000000e+00
3.283926511049970517e-03
0.000000000000000000e+00
6.479098251531023415e-03
0.000000000000000000e+00
0.000000000000000000e+00
0.000000000000000000e+00
7.499778113073581227e-03
2.884530043489838894e-02
6.479098251531023415e-03
1.273630957663975105e-02
2.161178663353156490e-02
0.000000000000000000e+00
3.283926511049970517e-03
6.479098251531023415e-03
3.354930327505104698e-02
3.283926511049970517e-03
0.000000000000000000e+00
3.283926511049970517e-03
0.000000000000000000e+00
0.000000000000000000e+00
0.000000000000000000e+00
0.000000000000000000e+00
3.283926511049970517e-03
1.579834916126742622e-02
3.283926511049970517e-03
0.000000000000000000e+00
3.283926511049970517e-03
0.000000000000000000e+00
1.260317742078637289e-02
1.553208484956066990e-02
1.837223750776605102e-02
2.409692020946126861e-02
2.636016685896868175e-02
2.112363539540251106e-02
2.378627851247005695e-02
6.479098251531023415e-03
0.000000000000000000e+00
0.000000000000000000e+00
3.283926511049970517e-03
6.479098251531023415e-03
9.585515221443156528e-03
2.671518594124435569e-02
0.000000000000000000e+00
3.124167924025918197e-02
9.585515221443156528e-03
6.479098251531023415e-03
9.585515221443156528e-03
2.165616401881602371e-02
2.378627851247005695e-02
2.835714919676934204e-02
2.314280642584539902e-02
0.000000000000000000e+00
0.000000000000000000e+00
3.283926511049970517e-03
3.283926511049970517e-03
0.000000000000000000e+00
2.636016685896868175e-02
2.884530043489838894e-02
3.124167924025918197e-02
