3.087000000000000000e+03
8.586000000000000000e+03
3.306000000000000000e+03
3.502000000000000000e+03
2.261000000000000000e+03
1.389000000000000000e+03
6.198000000000000000e+03
5.391000000000000000e+03
3.746000000000000000e+03
3.841000000000000000e+03
5.482000000000000000e+03
2.793000000000000000e+03
6.159000000000000000e+03
4.762000000000000000e+03
4.508000000000000000e+03
7.610000000000000000e+03
2.848000000000000000e+03
2.710000000000000000e+03
2.540000000000000000e+03
3.509000000000000000e+03
4.306000000000000000e+03
6.983000000000000000e+03
3.115000000000000000e+03
4.089000000000000000e+03
3.615000000000000000e+03
2.934000000000000000e+03
2.828000000000000000e+03
4.218000000000000000e+03
4.284000000000000000e+03
2.042000000000000000e+03
6.496000000000000000e+03
5.203000000000000000e+03
1.996000000000000000e+03
3.026000000000000000e+03
4.787000000000000000e+03
7.814000000000000000e+03
6.415000000000000000e+03
1.932000000000000000e+03
3.558000000000000000e+03
2.620000000000000000e+03
3.470000000000000000e+03
3.285000000000000000e+03
3.669000000000000000e+03
5.375000000000000000e+03
4.374000000000000000e+03
2.744000000000000000e+03
5.665000000000000000e+03
1.669000000000000000e+03
4.558000000000000000e+03
3.988000000000000000e+03
4.154000000000000000e+03
7.109000000000000000e+03
3.467000000000000000e+03
4.170000000000000000e+03
2.387000000000000000e+03
3.591000000000000000e+03
4.534000000000000000e+03
1.518000000000000000e+03
2.894000000000000000e+03
3.340000000000000000e+03
3.443000000000000000e+03
2.961000000000000000e+03
5.428000000000000000e+03
3.628000000000000000e+03
3.012000000000000000e+03
6.306000000000000000e+03
2.163000000000000000e+03
3.177000000000000000e+03
2.373000000000000000e+03
4.300000000000000000e+03
5.928000000000000000e+03
4.563000000000000000e+03
5.049000000000000000e+03
3.025000000000000000e+03
5.871000000000000000e+03
4.361000000000000000e+03
1.972000000000000000e+03
6.097000000000000000e+03
3.893000000000000000e+03
4.341000000000000000e+03
5.388000000000000000e+03
3.934000000000000000e+03
2.138000000000000000e+03
4.492000000000000000e+03
3.431000000000000000e+03
2.007000000000000000e+03
3.740000000000000000e+03
4.982000000000000000e+03
4.449000000000000000e+03
3.644000000000000000e+03
3.948000000000000000e+03
3.002000000000000000e+03
3.669000000000000000e+03
6.407000000000000000e+03
3.716000000000000000e+03
3.685000000000000000e+03
2.678000000000000000e+03
7.239000000000000000e+03
7.731000000000000000e+03
5.105000000000000000e+03
7.283000000000000000e+03
6.539000000000000000e+03
4.461000000000000000e+03
1.838000000000000000e+03
2.977000000000000000e+03
3.229000000000000000e+03
3.544000000000000000e+03
4.144000000000000000e+03
2.026000000000000000e+03
3.635000000000000000e+03
4.898000000000000000e+03
2.709000000000000000e+03
8.121000000000000000e+03
2.719000000000000000e+03
4.131000000000000000e+03
2.920000000000000000e+03
4.534000000000000000e+03
9.385000000000000000e+03
2.837000000000000000e+03
4.705000000000000000e+03
4.584000000000000000e+03
4.935000000000000000e+03
2.962000000000000000e+03
4.596000000000000000e+03
2.341000000000000000e+03
3.211000000000000000e+03
3.059000000000000000e+03
3.198000000000000000e+03
2.910000000000000000e+03
5.024000000000000000e+03
3.983000000000000000e+03
2.264000000000000000e+03
3.468000000000000000e+03
5.482000000000000000e+03
3.791000000000000000e+03
9.669000000000000000e+03
4.852000000000000000e+03
3.091000000000000000e+03
3.127000000000000000e+03
2.255000000000000000e+03
3.989000000000000000e+03
5.417000000000000000e+03
4.678000000000000000e+03
3.294000000000000000e+03
3.319000000000000000e+03
1.397000000000000000e+03
4.646000000000000000e+03
3.034000000000000000e+03
6.164000000000000000e+03
1.912000000000000000e+03
3.013000000000000000e+03
2.976000000000000000e+03
3.836000000000000000e+03
4.248000000000000000e+03
2.932000000000000000e+03
3.518000000000000000e+03
2.775000000000000000e+03
3.364000000000000000e+03
4.264000000000000000e+03
6.249000000000000000e+03
6.589000000000000000e+03
2.322000000000000000e+03
8.283000000000000000e+03
3.163000000000000000e+03
2.546000000000000000e+03
3.219000000000000000e+03
2.871000000000000000e+03
4.332000000000000000e+03
9.484000000000000000e+03
5.318000000000000000e+03
3.965000000000000000e+03
3.104000000000000000e+03
4.381000000000000000e+03
6.761000000000000000e+03
1.369000000000000000e+03
4.525000000000000000e+03
3.036000000000000000e+03
4.210000000000000000e+03
5.684000000000000000e+03
5.292000000000000000e+03
5.042000000000000000e+03
3.255000000000000000e+03
5.536000000000000000e+03
6.177000000000000000e+03
3.005000000000000000e+03
3.764000000000000000e+03
4.667000000000000000e+03
2.842000000000000000e+03
3.889000000000000000e+03
4.196000000000000000e+03
6.288000000000000000e+03
3.690000000000000000e+03
1.976000000000000000e+03
3.570000000000000000e+03
6.412000000000000000e+03
2.290000000000000000e+03
6.812000000000000000e+03
3.844000000000000000e+03
5.707000000000000000e+03
4.020000000000000000e+03
4.732000000000000000e+03
2.841000000000000000e+03
3.728000000000000000e+03
2.258000000000000000e+03
3.915000000000000000e+03
4.293000000000000000e+03
2.680000000000000000e+03
2.999000000000000000e+03
3.980000000000000000e+03
4.051000000000000000e+03
4.572000000000000000e+03
4.789000000000000000e+03
4.293000000000000000e+03
3.161000000000000000e+03
5.013000000000000000e+03
4.081000000000000000e+03
3.754000000000000000e+03
5.028000000000000000e+03
3.991000000000000000e+03
3.059000000000000000e+03
4.002000000000000000e+03
6.711000000000000000e+03
3.836000000000000000e+03
3.808000000000000000e+03
4.845000000000000000e+03
4.316000000000000000e+03
4.970000000000000000e+03
3.478000000000000000e+03
5.533000000000000000e+03
4.039000000000000000e+03
6.548000000000000000e+03
4.262000000000000000e+03
3.493000000000000000e+03
1.885000000000000000e+03
4.045000000000000000e+03
4.044000000000000000e+03
3.563000000000000000e+03
3.916000000000000000e+03
3.938000000000000000e+03
2.459000000000000000e+03
2.109000000000000000e+03
5.012000000000000000e+03
3.359000000000000000e+03
6.678000000000000000e+03
4.800000000000000000e+03
6.604000000000000000e+03
2.533000000000000000e+03
4.079000000000000000e+03
3.496000000000000000e+03
1.945000000000000000e+03
1.809000000000000000e+03
3.552000000000000000e+03
7.297000000000000000e+03
3.752000000000000000e+03
5.008000000000000000e+03
5.060000000000000000e+03
4.083000000000000000e+03
4.334000000000000000e+03
4.128000000000000000e+03
1.228900000000000000e+04
4.569000000000000000e+03
4.855000000000000000e+03
3.515000000000000000e+03
6.779000000000000000e+03
3.021000000000000000e+03
2.248000000000000000e+03
2.224000000000000000e+03
1.907000000000000000e+03
7.454000000000000000e+03
4.309000000000000000e+03
4.154000000000000000e+03
2.768000000000000000e+03
5.789000000000000000e+03
4.436000000000000000e+03
6.615000000000000000e+03
4.384000000000000000e+03
6.734000000000000000e+03
6.276000000000000000e+03
4.284000000000000000e+03
4.466000000000000000e+03
4.449000000000000000e+03
6.537000000000000000e+03
3.679000000000000000e+03
5.085000000000000000e+03
4.414000000000000000e+03
3.411000000000000000e+03
7.588000000000000000e+03
8.136000000000000000e+03
6.374000000000000000e+03
2.505000000000000000e+03
2.581000000000000000e+03
3.368000000000000000e+03
2.584000000000000000e+03
4.070000000000000000e+03
4.839000000000000000e+03
7.863000000000000000e+03
5.046000000000000000e+03
3.799000000000000000e+03
3.534000000000000000e+03
5.167000000000000000e+03
2.342000000000000000e+03
3.322000000000000000e+03
4.515000000000000000e+03
1.312000000000000000e+03
3.722000000000000000e+03
4.126000000000000000e+03
3.099000000000000000e+03
6.419000000000000000e+03
6.945000000000000000e+03
7.879000000000000000e+03
6.055000000000000000e+03
3.888000000000000000e+03
2.559000000000000000e+03
3.193000000000000000e+03
3.920000000000000000e+03
4.221000000000000000e+03
4.842000000000000000e+03
4.478000000000000000e+03
4.428000000000000000e+03
3.153000000000000000e+03
2.315000000000000000e+03
3.636000000000000000e+03
5.220000000000000000e+03
3.912000000000000000e+03
8.907000000000000000e+03
4.555000000000000000e+03
5.127000000000000000e+03
4.592000000000000000e+03
1.361000000000000000e+03
8.596000000000000000e+03
4.777000000000000000e+03
1.664000000000000000e+03
2.485000000000000000e+03
5.138000000000000000e+03
3.685000000000000000e+03
5.732000000000000000e+03
3.835000000000000000e+03
4.099000000000000000e+03
3.856000000000000000e+03
2.170000000000000000e+03
4.577000000000000000e+03
2.041000000000000000e+03
3.434000000000000000e+03
7.805000000000000000e+03
3.738000000000000000e+03
4.033000000000000000e+03
6.414000000000000000e+03
2.637000000000000000e+03
3.085000000000000000e+03
4.693000000000000000e+03
7.641000000000000000e+03
2.884000000000000000e+03
5.445000000000000000e+03
2.870000000000000000e+03
7.346000000000000000e+03
2.660000000000000000e+03
4.005000000000000000e+03
2.223000000000000000e+03
5.919000000000000000e+03
4.275000000000000000e+03
2.808000000000000000e+03
2.600000000000000000e+03
4.658000000000000000e+03
3.103000000000000000e+03
3.967000000000000000e+03
4.894000000000000000e+03
3.115000000000000000e+03
5.222000000000000000e+03
5.100000000000000000e+03
3.803000000000000000e+03
2.435000000000000000e+03
3.003000000000000000e+03
2.961000000000000000e+03
2.621000000000000000e+03
5.801000000000000000e+03
6.148000000000000000e+03
3.370000000000000000e+03
1.645000000000000000e+03
3.988000000000000000e+03
3.690000000000000000e+03
4.073000000000000000e+03
7.149000000000000000e+03
7.158000000000000000e+03
2.185000000000000000e+03
4.214000000000000000e+03
5.123000000000000000e+03
2.291000000000000000e+03
5.154000000000000000e+03
8.236000000000000000e+03
3.927000000000000000e+03
2.492000000000000000e+03
7.256000000000000000e+03
5.141000000000000000e+03
2.993000000000000000e+03
5.504000000000000000e+03
2.038000000000000000e+03
3.327000000000000000e+03
4.421000000000000000e+03
2.947000000000000000e+03
3.463000000000000000e+03
2.891000000000000000e+03
3.629000000000000000e+03
2.636000000000000000e+03
4.233000000000000000e+03
3.979000000000000000e+03
4.653000000000000000e+03
3.945000000000000000e+03
2.106000000000000000e+03
1.076600000000000000e+04
3.193000000000000000e+03
4.449000000000000000e+03
3.911000000000000000e+03
2.520000000000000000e+03
2.070000000000000000e+03
4.244000000000000000e+03
5.299000000000000000e+03
4.329000000000000000e+03
4.088000000000000000e+03
2.689000000000000000e+03
7.809000000000000000e+03
2.337000000000000000e+03
5.645000000000000000e+03
4.019000000000000000e+03
2.570000000000000000e+03
4.684000000000000000e+03
3.282000000000000000e+03
3.595000000000000000e+03
3.853000000000000000e+03
4.727000000000000000e+03
3.794000000000000000e+03
7.020000000000000000e+03
3.848000000000000000e+03
4.472000000000000000e+03
6.734000000000000000e+03
3.035000000000000000e+03
2.908000000000000000e+03
2.777000000000000000e+03
3.457000000000000000e+03
4.871000000000000000e+03
3.115000000000000000e+03
6.141000000000000000e+03
3.510000000000000000e+03
4.696000000000000000e+03
2.356000000000000000e+03
3.358000000000000000e+03
2.683000000000000000e+03
8.983000000000000000e+03
4.086000000000000000e+03
2.308000000000000000e+03
4.518000000000000000e+03
3.736000000000000000e+03
3.420000000000000000e+03
4.238000000000000000e+03
3.045000000000000000e+03
5.373000000000000000e+03
4.243000000000000000e+03
3.815000000000000000e+03
2.492000000000000000e+03
2.651000000000000000e+03
4.548000000000000000e+03
2.640000000000000000e+03
4.606000000000000000e+03
2.988000000000000000e+03
4.762000000000000000e+03
1.807000000000000000e+03
4.652000000000000000e+03
2.976000000000000000e+03
4.063000000000000000e+03
5.015000000000000000e+03
3.068000000000000000e+03
5.233000000000000000e+03
6.328000000000000000e+03
5.243000000000000000e+03
5.708000000000000000e+03
2.790000000000000000e+03
3.333000000000000000e+03
3.851000000000000000e+03
5.070000000000000000e+03
6.786000000000000000e+03
5.133000000000000000e+03
6.196000000000000000e+03
3.363000000000000000e+03
9.106000000000000000e+03
2.432000000000000000e+03
3.621000000000000000e+03
5.956000000000000000e+03
5.519000000000000000e+03
2.468000000000000000e+03
5.964000000000000000e+03
4.395000000000000000e+03
2.052000000000000000e+03
4.696000000000000000e+03
5.295000000000000000e+03
2.220000000000000000e+03
4.116000000000000000e+03
4.883000000000000000e+03
5.804000000000000000e+03
3.673000000000000000e+03
4.673000000000000000e+03
7.483000000000000000e+03
4.130000000000000000e+03
2.967000000000000000e+03
1.970000000000000000e+03
2.994000000000000000e+03
8.443000000000000000e+03
5.175000000000000000e+03
4.527000000000000000e+03
8.823000000000000000e+03
5.770000000000000000e+03
3.859000000000000000e+03
7.942000000000000000e+03
3.327000000000000000e+03
3.169000000000000000e+03
3.105000000000000000e+03
3.447000000000000000e+03
5.198000000000000000e+03
7.595000000000000000e+03
2.124000000000000000e+03
2.878000000000000000e+03
1.027700000000000000e+04
7.751000000000000000e+03
2.974000000000000000e+03
4.525000000000000000e+03
3.331000000000000000e+03
4.276000000000000000e+03
5.311000000000000000e+03
2.335000000000000000e+03
1.020500000000000000e+04
8.246000000000000000e+03
2.650000000000000000e+03
5.657000000000000000e+03
2.298000000000000000e+03
3.151000000000000000e+03
2.883000000000000000e+03
3.801000000000000000e+03
3.268000000000000000e+03
3.526000000000000000e+03
4.116000000000000000e+03
2.764000000000000000e+03
3.426000000000000000e+03
2.445000000000000000e+03
3.902000000000000000e+03
3.181000000000000000e+03
2.988000000000000000e+03
7.152000000000000000e+03
3.322000000000000000e+03
5.360000000000000000e+03
4.350000000000000000e+03
4.455000000000000000e+03
8.018000000000000000e+03
2.511000000000000000e+03
5.411000000000000000e+03
2.560000000000000000e+03
4.019000000000000000e+03
5.706000000000000000e+03
7.021000000000000000e+03
5.297000000000000000e+03
3.101000000000000000e+03
4.485000000000000000e+03
5.351000000000000000e+03
5.933000000000000000e+03
2.412000000000000000e+03
1.246300000000000000e+04
2.118000000000000000e+03
4.541000000000000000e+03
4.695000000000000000e+03
4.579000000000000000e+03
5.165000000000000000e+03
2.136000000000000000e+03
2.248000000000000000e+03
3.993000000000000000e+03
7.172000000000000000e+03
6.142000000000000000e+03
2.748000000000000000e+03
6.519000000000000000e+03
2.703000000000000000e+03
4.086000000000000000e+03
3.028000000000000000e+03
5.099000000000000000e+03
5.794000000000000000e+03
2.972000000000000000e+03
6.793000000000000000e+03
2.880000000000000000e+03
3.611000000000000000e+03
6.454000000000000000e+03
7.480000000000000000e+03
2.454000000000000000e+03
4.137000000000000000e+03
2.911000000000000000e+03
4.666000000000000000e+03
4.856000000000000000e+03
3.840000000000000000e+03
3.884000000000000000e+03
3.781000000000000000e+03
3.109000000000000000e+03
5.377000000000000000e+03
6.305000000000000000e+03
2.133000000000000000e+03
2.616000000000000000e+03
3.954000000000000000e+03
5.401000000000000000e+03
3.062000000000000000e+03
8.119000000000000000e+03
2.948000000000000000e+03
4.625000000000000000e+03
3.636000000000000000e+03
4.444000000000000000e+03
4.088000000000000000e+03
4.909000000000000000e+03
4.121000000000000000e+03
3.342000000000000000e+03
2.339000000000000000e+03
1.101200000000000000e+04
2.625000000000000000e+03
5.591000000000000000e+03
4.667000000000000000e+03
3.751000000000000000e+03
6.377000000000000000e+03
5.755000000000000000e+03
2.303000000000000000e+03
6.266000000000000000e+03
9.360000000000000000e+03
4.585000000000000000e+03
3.965000000000000000e+03
4.889000000000000000e+03
3.366000000000000000e+03
5.572000000000000000e+03
2.656000000000000000e+03
3.319000000000000000e+03
2.512000000000000000e+03
2.138000000000000000e+03
3.703000000000000000e+03
3.432000000000000000e+03
4.859000000000000000e+03
3.570000000000000000e+03
2.421000000000000000e+03
4.400000000000000000e+03
3.248000000000000000e+03
2.534000000000000000e+03
3.567000000000000000e+03
3.586000000000000000e+03
8.085000000000000000e+03
4.611000000000000000e+03
3.192000000000000000e+03
5.626000000000000000e+03
2.513000000000000000e+03
4.738000000000000000e+03
2.791000000000000000e+03
2.950000000000000000e+03
8.225000000000000000e+03
4.841000000000000000e+03
3.604000000000000000e+03
4.379000000000000000e+03
9.714000000000000000e+03
2.438000000000000000e+03
4.969000000000000000e+03
3.750000000000000000e+03
7.430000000000000000e+03
5.238000000000000000e+03
3.434000000000000000e+03
3.803000000000000000e+03
3.718000000000000000e+03
4.692000000000000000e+03
3.289000000000000000e+03
3.240000000000000000e+03
4.995000000000000000e+03
2.836000000000000000e+03
4.967000000000000000e+03
6.786000000000000000e+03
3.843000000000000000e+03
2.345000000000000000e+03
3.884000000000000000e+03
2.848000000000000000e+03
2.719000000000000000e+03
4.725000000000000000e+03
3.264000000000000000e+03
1.098000000000000000e+03
5.129000000000000000e+03
7.013000000000000000e+03
4.440000000000000000e+03
3.946000000000000000e+03
3.153000000000000000e+03
4.845000000000000000e+03
3.295000000000000000e+03
3.262000000000000000e+03
2.607000000000000000e+03
7.589000000000000000e+03
2.770000000000000000e+03
4.687000000000000000e+03
2.896000000000000000e+03
2.975000000000000000e+03
7.547000000000000000e+03
2.244000000000000000e+03
1.793000000000000000e+03
6.890000000000000000e+03
4.797000000000000000e+03
1.128300000000000000e+04
5.033000000000000000e+03
4.805000000000000000e+03
7.108000000000000000e+03
6.059000000000000000e+03
4.568000000000000000e+03
7.568000000000000000e+03
4.862000000000000000e+03
6.976000000000000000e+03
7.165000000000000000e+03
3.984000000000000000e+03
2.771000000000000000e+03
3.723000000000000000e+03
4.753000000000000000e+03
3.049000000000000000e+03
2.573000000000000000e+03
2.866000000000000000e+03
2.106000000000000000e+03
6.470000000000000000e+03
8.083000000000000000e+03
6.051000000000000000e+03
2.531000000000000000e+03
2.168000000000000000e+03
3.471000000000000000e+03
3.179000000000000000e+03
4.682000000000000000e+03
6.141000000000000000e+03
3.184000000000000000e+03
4.212000000000000000e+03
2.696000000000000000e+03
4.112000000000000000e+03
4.105000000000000000e+03
2.988000000000000000e+03
1.003500000000000000e+04
5.597000000000000000e+03
4.117000000000000000e+03
3.866000000000000000e+03
3.915000000000000000e+03
5.735000000000000000e+03
3.737000000000000000e+03
5.011000000000000000e+03
3.055000000000000000e+03
6.543000000000000000e+03
3.650000000000000000e+03
6.968000000000000000e+03
3.557000000000000000e+03
8.734000000000000000e+03
4.305000000000000000e+03
2.947000000000000000e+03
5.001000000000000000e+03
9.823000000000000000e+03
3.451000000000000000e+03
2.192000000000000000e+03
5.078000000000000000e+03
3.120000000000000000e+03
7.571000000000000000e+03
3.020000000000000000e+03
3.054000000000000000e+03
3.485000000000000000e+03
4.605000000000000000e+03
4.321000000000000000e+03
4.413000000000000000e+03
2.153000000000000000e+03
3.482000000000000000e+03
3.873000000000000000e+03
4.266000000000000000e+03
5.083000000000000000e+03
3.822000000000000000e+03
6.095000000000000000e+03
7.349000000000000000e+03
6.229000000000000000e+03
5.196000000000000000e+03
1.544000000000000000e+03
5.628000000000000000e+03
6.686000000000000000e+03
3.844000000000000000e+03
3.707000000000000000e+03
5.299000000000000000e+03
3.471000000000000000e+03
2.649000000000000000e+03
3.021000000000000000e+03
5.035000000000000000e+03
4.465000000000000000e+03
1.791000000000000000e+03
7.704000000000000000e+03
4.173000000000000000e+03
7.066000000000000000e+03
7.113000000000000000e+03
3.540000000000000000e+03
9.306000000000000000e+03
3.645000000000000000e+03
4.649000000000000000e+03
8.414000000000000000e+03
3.302000000000000000e+03
3.625000000000000000e+03
8.961000000000000000e+03
4.005000000000000000e+03
3.409000000000000000e+03
4.181000000000000000e+03
2.730000000000000000e+03
2.384000000000000000e+03
2.388000000000000000e+03
3.594000000000000000e+03
4.992000000000000000e+03
4.024000000000000000e+03
5.982000000000000000e+03
3.861000000000000000e+03
1.310100000000000000e+04
6.266000000000000000e+03
2.495000000000000000e+03
3.887000000000000000e+03
3.855000000000000000e+03
1.899000000000000000e+03
3.546000000000000000e+03
3.206000000000000000e+03
1.991000000000000000e+03
2.733000000000000000e+03
4.494000000000000000e+03
4.021000000000000000e+03
3.482000000000000000e+03
7.307000000000000000e+03
3.528000000000000000e+03
6.213000000000000000e+03
4.830000000000000000e+03
3.461000000000000000e+03
2.812000000000000000e+03
5.335000000000000000e+03
2.649000000000000000e+03
4.637000000000000000e+03
9.250000000000000000e+03
7.805000000000000000e+03
3.798000000000000000e+03
4.008000000000000000e+03
1.857000000000000000e+03
4.273000000000000000e+03
3.721000000000000000e+03
2.167000000000000000e+03
2.714000000000000000e+03
2.007000000000000000e+03
2.587000000000000000e+03
3.988000000000000000e+03
7.393000000000000000e+03
2.553000000000000000e+03
4.488000000000000000e+03
1.709000000000000000e+03
2.985000000000000000e+03
1.238400000000000000e+04
3.361000000000000000e+03
5.757000000000000000e+03
3.345000000000000000e+03
2.561000000000000000e+03
4.390000000000000000e+03
3.158000000000000000e+03
7.581000000000000000e+03
2.144000000000000000e+03
4.696000000000000000e+03
2.835000000000000000e+03
2.629000000000000000e+03
4.335000000000000000e+03
1.768000000000000000e+03
5.330000000000000000e+03
3.222000000000000000e+03
5.248000000000000000e+03
3.903000000000000000e+03
2.576000000000000000e+03
3.056000000000000000e+03
5.811000000000000000e+03
2.745000000000000000e+03
3.246000000000000000e+03
2.682000000000000000e+03
5.169000000000000000e+03
1.607000000000000000e+03
4.187000000000000000e+03
5.723000000000000000e+03
2.604000000000000000e+03
1.633000000000000000e+03
7.216000000000000000e+03
4.650000000000000000e+03
2.010000000000000000e+03
4.134000000000000000e+03
9.340000000000000000e+03
5.173000000000000000e+03
3.153000000000000000e+03
5.570000000000000000e+03
3.188000000000000000e+03
7.666000000000000000e+03
4.117000000000000000e+03
4.687000000000000000e+03
1.552000000000000000e+03
7.170000000000000000e+03
3.139000000000000000e+03
2.514000000000000000e+03
4.297000000000000000e+03
2.899000000000000000e+03
4.181000000000000000e+03
3.476000000000000000e+03
3.910000000000000000e+03
3.867000000000000000e+03
1.923000000000000000e+03
4.047000000000000000e+03
3.191000000000000000e+03
6.919000000000000000e+03
3.134000000000000000e+03
8.199000000000000000e+03
3.731000000000000000e+03
5.619000000000000000e+03
4.051000000000000000e+03
4.506000000000000000e+03
4.614000000000000000e+03
2.236000000000000000e+03
3.141000000000000000e+03
3.680000000000000000e+03
5.231000000000000000e+03
1.567000000000000000e+03
8.252000000000000000e+03
3.512000000000000000e+03
3.152000000000000000e+03
5.585000000000000000e+03
2.096000000000000000e+03
2.864000000000000000e+03
5.487000000000000000e+03
4.811000000000000000e+03
2.538000000000000000e+03
8.312000000000000000e+03
4.421000000000000000e+03
7.878000000000000000e+03
5.193000000000000000e+03
4.996000000000000000e+03
3.514000000000000000e+03
3.949000000000000000e+03
6.487000000000000000e+03
4.789000000000000000e+03
2.908000000000000000e+03
7.252000000000000000e+03
2.250000000000000000e+03
5.267000000000000000e+03
6.125000000000000000e+03
5.090000000000000000e+03
7.981000000000000000e+03
6.392000000000000000e+03
3.595000000000000000e+03
2.883000000000000000e+03
4.169000000000000000e+03
7.736000000000000000e+03
7.412000000000000000e+03
3.168000000000000000e+03
2.786000000000000000e+03
2.705000000000000000e+03
8.015000000000000000e+03
2.350000000000000000e+03
6.612000000000000000e+03
5.515000000000000000e+03
1.420000000000000000e+03
4.688000000000000000e+03
2.609000000000000000e+03
5.572000000000000000e+03
3.246000000000000000e+03
3.194000000000000000e+03
3.866000000000000000e+03
2.790000000000000000e+03
3.331000000000000000e+03
3.405000000000000000e+03
4.368000000000000000e+03
3.579000000000000000e+03
1.430000000000000000e+03
5.504000000000000000e+03
5.443000000000000000e+03
6.982000000000000000e+03
3.106000000000000000e+03
5.248000000000000000e+03
2.301000000000000000e+03
3.374000000000000000e+03
4.101000000000000000e+03
3.681000000000000000e+03
3.030000000000000000e+03
3.940000000000000000e+03
1.400000000000000000e+03
5.854000000000000000e+03
5.208000000000000000e+03
8.797000000000000000e+03
4.672000000000000000e+03
4.631000000000000000e+03
2.063000000000000000e+03
3.441000000000000000e+03
4.216000000000000000e+03
3.178000000000000000e+03
2.012000000000000000e+03
3.828000000000000000e+03
2.523000000000000000e+03
6.559000000000000000e+03
4.832000000000000000e+03
1.428000000000000000e+03
4.298000000000000000e+03
3.129000000000000000e+03
4.386000000000000000e+03
3.774000000000000000e+03
4.316000000000000000e+03
4.586000000000000000e+03
3.395000000000000000e+03
2.370000000000000000e+03
6.296000000000000000e+03
3.647000000000000000e+03
2.566000000000000000e+03
5.181000000000000000e+03
