1.707000000000000000e+03
1.507000000000000000e+03
1.070000000000000000e+03
7.650000000000000000e+02
1.336000000000000000e+03
1.248000000000000000e+03
1.006000000000000000e+03
1.114000000000000000e+03
1.057000000000000000e+03
1.376000000000000000e+03
9.230000000000000000e+02
1.141000000000000000e+03
7.840000000000000000e+02
1.017000000000000000e+03
1.180000000000000000e+03
1.519000000000000000e+03
8.930000000000000000e+02
9.050000000000000000e+02
1.088000000000000000e+03
1.150000000000000000e+03
1.318000000000000000e+03
1.056000000000000000e+03
2.201000000000000000e+03
1.137000000000000000e+03
7.520000000000000000e+02
1.494000000000000000e+03
1.286000000000000000e+03
1.044000000000000000e+03
7.630000000000000000e+02
1.234000000000000000e+03
7.980000000000000000e+02
8.840000000000000000e+02
1.625000000000000000e+03
1.085000000000000000e+03
1.181000000000000000e+03
1.368000000000000000e+03
1.288000000000000000e+03
1.719000000000000000e+03
1.461000000000000000e+03
5.900000000000000000e+02
1.000000000000000000e+03
1.038000000000000000e+03
1.346000000000000000e+03
1.583000000000000000e+03
1.167000000000000000e+03
1.018000000000000000e+03
1.791000000000000000e+03
1.466000000000000000e+03
9.120000000000000000e+02
1.147000000000000000e+03
1.364000000000000000e+03
8.580000000000000000e+02
1.301000000000000000e+03
9.450000000000000000e+02
9.710000000000000000e+02
9.240000000000000000e+02
7.540000000000000000e+02
8.910000000000000000e+02
9.600000000000000000e+02
9.480000000000000000e+02
7.870000000000000000e+02
1.287000000000000000e+03
1.557000000000000000e+03
1.456000000000000000e+03
1.077000000000000000e+03
1.114000000000000000e+03
1.408000000000000000e+03
9.060000000000000000e+02
1.328000000000000000e+03
1.251000000000000000e+03
2.135000000000000000e+03
1.358000000000000000e+03
1.082000000000000000e+03
1.408000000000000000e+03
1.185000000000000000e+03
1.094000000000000000e+03
1.080000000000000000e+03
9.590000000000000000e+02
9.870000000000000000e+02
1.481000000000000000e+03
2.089000000000000000e+03
9.980000000000000000e+02
1.322000000000000000e+03
1.461000000000000000e+03
9.100000000000000000e+02
1.174000000000000000e+03
1.047000000000000000e+03
1.239000000000000000e+03
8.120000000000000000e+02
7.290000000000000000e+02
1.265000000000000000e+03
8.670000000000000000e+02
9.290000000000000000e+02
1.508000000000000000e+03
1.221000000000000000e+03
8.990000000000000000e+02
1.476000000000000000e+03
1.646000000000000000e+03
1.591000000000000000e+03
1.016000000000000000e+03
2.320000000000000000e+03
1.329000000000000000e+03
1.129000000000000000e+03
1.077000000000000000e+03
2.469000000000000000e+03
1.285000000000000000e+03
1.129000000000000000e+03
9.820000000000000000e+02
1.355000000000000000e+03
1.209000000000000000e+03
1.415000000000000000e+03
7.390000000000000000e+02
1.258000000000000000e+03
7.820000000000000000e+02
1.297000000000000000e+03
9.020000000000000000e+02
1.438000000000000000e+03
9.990000000000000000e+02
9.660000000000000000e+02
1.131000000000000000e+03
6.990000000000000000e+02
8.660000000000000000e+02
1.169000000000000000e+03
1.032000000000000000e+03
1.209000000000000000e+03
1.163000000000000000e+03
1.321000000000000000e+03
1.114000000000000000e+03
1.130000000000000000e+03
8.730000000000000000e+02
1.675000000000000000e+03
1.572000000000000000e+03
1.114000000000000000e+03
1.905000000000000000e+03
8.960000000000000000e+02
7.070000000000000000e+02
1.216000000000000000e+03
1.119000000000000000e+03
8.390000000000000000e+02
1.046000000000000000e+03
8.820000000000000000e+02
1.094000000000000000e+03
7.240000000000000000e+02
1.942000000000000000e+03
9.520000000000000000e+02
1.117000000000000000e+03
1.377000000000000000e+03
1.834000000000000000e+03
1.168000000000000000e+03
1.052000000000000000e+03
1.008000000000000000e+03
1.816000000000000000e+03
1.097000000000000000e+03
1.070000000000000000e+03
1.379000000000000000e+03
7.170000000000000000e+02
1.609000000000000000e+03
1.557000000000000000e+03
1.164000000000000000e+03
1.125000000000000000e+03
1.187000000000000000e+03
6.850000000000000000e+02
9.230000000000000000e+02
9.450000000000000000e+02
6.590000000000000000e+02
1.390000000000000000e+03
9.340000000000000000e+02
9.170000000000000000e+02
1.429000000000000000e+03
2.041000000000000000e+03
6.910000000000000000e+02
7.310000000000000000e+02
7.350000000000000000e+02
1.358000000000000000e+03
1.064000000000000000e+03
1.195000000000000000e+03
1.227000000000000000e+03
9.150000000000000000e+02
9.590000000000000000e+02
1.214000000000000000e+03
7.390000000000000000e+02
1.219000000000000000e+03
1.067000000000000000e+03
8.590000000000000000e+02
8.670000000000000000e+02
9.640000000000000000e+02
7.790000000000000000e+02
2.120000000000000000e+03
7.790000000000000000e+02
1.665000000000000000e+03
7.990000000000000000e+02
9.550000000000000000e+02
9.450000000000000000e+02
1.011000000000000000e+03
1.082000000000000000e+03
9.130000000000000000e+02
9.900000000000000000e+02
9.230000000000000000e+02
1.416000000000000000e+03
1.071000000000000000e+03
1.043000000000000000e+03
1.084000000000000000e+03
1.169000000000000000e+03
1.162000000000000000e+03
1.335000000000000000e+03
6.270000000000000000e+02
7.820000000000000000e+02
1.143000000000000000e+03
9.180000000000000000e+02
8.800000000000000000e+02
1.202000000000000000e+03
1.503000000000000000e+03
1.238000000000000000e+03
7.780000000000000000e+02
9.090000000000000000e+02
9.290000000000000000e+02
1.160000000000000000e+03
8.000000000000000000e+02
1.100000000000000000e+03
1.066000000000000000e+03
1.082000000000000000e+03
1.873000000000000000e+03
1.331000000000000000e+03
1.972000000000000000e+03
7.570000000000000000e+02
1.193000000000000000e+03
1.277000000000000000e+03
1.035000000000000000e+03
8.560000000000000000e+02
1.222000000000000000e+03
1.373000000000000000e+03
1.540000000000000000e+03
8.990000000000000000e+02
1.055000000000000000e+03
1.102000000000000000e+03
1.013000000000000000e+03
1.398000000000000000e+03
1.585000000000000000e+03
6.810000000000000000e+02
8.360000000000000000e+02
1.059000000000000000e+03
9.490000000000000000e+02
1.535000000000000000e+03
8.800000000000000000e+02
2.071000000000000000e+03
1.670000000000000000e+03
1.122000000000000000e+03
1.405000000000000000e+03
1.116000000000000000e+03
1.045000000000000000e+03
7.940000000000000000e+02
1.136000000000000000e+03
7.260000000000000000e+02
1.075000000000000000e+03
1.403000000000000000e+03
9.570000000000000000e+02
1.332000000000000000e+03
7.310000000000000000e+02
1.526000000000000000e+03
9.810000000000000000e+02
7.910000000000000000e+02
1.832000000000000000e+03
9.500000000000000000e+02
7.000000000000000000e+02
1.103000000000000000e+03
1.480000000000000000e+03
1.032000000000000000e+03
8.110000000000000000e+02
1.032000000000000000e+03
1.161000000000000000e+03
1.008000000000000000e+03
9.270000000000000000e+02
1.079000000000000000e+03
9.510000000000000000e+02
1.156000000000000000e+03
1.209000000000000000e+03
1.300000000000000000e+03
1.559000000000000000e+03
8.930000000000000000e+02
1.007000000000000000e+03
8.620000000000000000e+02
1.143000000000000000e+03
1.829000000000000000e+03
1.116000000000000000e+03
9.220000000000000000e+02
1.260000000000000000e+03
1.145000000000000000e+03
9.520000000000000000e+02
8.870000000000000000e+02
1.451000000000000000e+03
1.229000000000000000e+03
8.160000000000000000e+02
1.171000000000000000e+03
1.379000000000000000e+03
1.025000000000000000e+03
2.064000000000000000e+03
1.222000000000000000e+03
1.313000000000000000e+03
9.810000000000000000e+02
1.051000000000000000e+03
1.804000000000000000e+03
1.662000000000000000e+03
1.058000000000000000e+03
1.490000000000000000e+03
9.620000000000000000e+02
7.580000000000000000e+02
1.280000000000000000e+03
1.177000000000000000e+03
9.150000000000000000e+02
1.392000000000000000e+03
1.113000000000000000e+03
1.120000000000000000e+03
1.311000000000000000e+03
1.115000000000000000e+03
1.101000000000000000e+03
2.024000000000000000e+03
9.070000000000000000e+02
9.350000000000000000e+02
1.642000000000000000e+03
1.049000000000000000e+03
1.265000000000000000e+03
1.100000000000000000e+03
2.130000000000000000e+03
1.435000000000000000e+03
8.290000000000000000e+02
1.433000000000000000e+03
8.700000000000000000e+02
7.840000000000000000e+02
9.760000000000000000e+02
1.053000000000000000e+03
9.960000000000000000e+02
1.176000000000000000e+03
9.280000000000000000e+02
6.280000000000000000e+02
7.080000000000000000e+02
7.580000000000000000e+02
1.281000000000000000e+03
1.307000000000000000e+03
1.681000000000000000e+03
9.850000000000000000e+02
1.067000000000000000e+03
1.104000000000000000e+03
7.030000000000000000e+02
1.085000000000000000e+03
8.440000000000000000e+02
8.820000000000000000e+02
1.203000000000000000e+03
1.184000000000000000e+03
7.930000000000000000e+02
1.379000000000000000e+03
6.870000000000000000e+02
1.748000000000000000e+03
7.260000000000000000e+02
1.302000000000000000e+03
8.290000000000000000e+02
1.871000000000000000e+03
1.261000000000000000e+03
1.588000000000000000e+03
1.011000000000000000e+03
1.434000000000000000e+03
8.690000000000000000e+02
1.275000000000000000e+03
8.170000000000000000e+02
9.920000000000000000e+02
1.668000000000000000e+03
1.619000000000000000e+03
1.182000000000000000e+03
1.165000000000000000e+03
9.990000000000000000e+02
2.587000000000000000e+03
1.084000000000000000e+03
1.768000000000000000e+03
1.038000000000000000e+03
8.730000000000000000e+02
1.615000000000000000e+03
8.220000000000000000e+02
1.370000000000000000e+03
8.670000000000000000e+02
1.089000000000000000e+03
8.530000000000000000e+02
1.071000000000000000e+03
8.670000000000000000e+02
1.165000000000000000e+03
1.045000000000000000e+03
1.145000000000000000e+03
1.136000000000000000e+03
7.150000000000000000e+02
1.843000000000000000e+03
8.000000000000000000e+02
9.790000000000000000e+02
1.930000000000000000e+03
1.771000000000000000e+03
8.450000000000000000e+02
1.146000000000000000e+03
1.061000000000000000e+03
1.146000000000000000e+03
1.019000000000000000e+03
6.390000000000000000e+02
8.900000000000000000e+02
8.850000000000000000e+02
7.430000000000000000e+02
8.670000000000000000e+02
1.528000000000000000e+03
1.488000000000000000e+03
1.040000000000000000e+03
7.170000000000000000e+02
1.187000000000000000e+03
8.070000000000000000e+02
7.070000000000000000e+02
2.209000000000000000e+03
1.445000000000000000e+03
8.960000000000000000e+02
9.100000000000000000e+02
1.729000000000000000e+03
9.090000000000000000e+02
1.117000000000000000e+03
8.240000000000000000e+02
9.380000000000000000e+02
9.410000000000000000e+02
1.002000000000000000e+03
1.330000000000000000e+03
9.440000000000000000e+02
1.033000000000000000e+03
9.010000000000000000e+02
7.790000000000000000e+02
1.156000000000000000e+03
1.206000000000000000e+03
7.210000000000000000e+02
1.141000000000000000e+03
1.193000000000000000e+03
8.360000000000000000e+02
8.530000000000000000e+02
8.840000000000000000e+02
1.482000000000000000e+03
9.600000000000000000e+02
9.430000000000000000e+02
8.250000000000000000e+02
1.128000000000000000e+03
1.289000000000000000e+03
9.760000000000000000e+02
7.460000000000000000e+02
1.281000000000000000e+03
1.241000000000000000e+03
1.846000000000000000e+03
7.930000000000000000e+02
1.146000000000000000e+03
6.790000000000000000e+02
8.990000000000000000e+02
1.382000000000000000e+03
1.134000000000000000e+03
1.290000000000000000e+03
1.116000000000000000e+03
7.310000000000000000e+02
1.261000000000000000e+03
1.013000000000000000e+03
8.530000000000000000e+02
1.011000000000000000e+03
1.094000000000000000e+03
1.115000000000000000e+03
1.447000000000000000e+03
8.530000000000000000e+02
7.620000000000000000e+02
1.394000000000000000e+03
1.138000000000000000e+03
1.532000000000000000e+03
1.009000000000000000e+03
9.630000000000000000e+02
1.366000000000000000e+03
8.550000000000000000e+02
1.111000000000000000e+03
1.173000000000000000e+03
1.941000000000000000e+03
1.676000000000000000e+03
1.081000000000000000e+03
1.135000000000000000e+03
1.303000000000000000e+03
7.740000000000000000e+02
1.074000000000000000e+03
1.066000000000000000e+03
1.376000000000000000e+03
9.590000000000000000e+02
1.231000000000000000e+03
9.950000000000000000e+02
1.307000000000000000e+03
8.650000000000000000e+02
1.016000000000000000e+03
8.920000000000000000e+02
8.960000000000000000e+02
9.880000000000000000e+02
1.358000000000000000e+03
1.219000000000000000e+03
1.391000000000000000e+03
2.201000000000000000e+03
7.840000000000000000e+02
1.207000000000000000e+03
1.840000000000000000e+03
7.540000000000000000e+02
9.740000000000000000e+02
2.102000000000000000e+03
1.034000000000000000e+03
1.185000000000000000e+03
1.283000000000000000e+03
9.460000000000000000e+02
9.940000000000000000e+02
1.203000000000000000e+03
1.808000000000000000e+03
1.104000000000000000e+03
1.021000000000000000e+03
1.411000000000000000e+03
7.770000000000000000e+02
1.213000000000000000e+03
7.310000000000000000e+02
1.616000000000000000e+03
7.810000000000000000e+02
1.234000000000000000e+03
1.091000000000000000e+03
1.013000000000000000e+03
1.379000000000000000e+03
9.440000000000000000e+02
1.039000000000000000e+03
1.964000000000000000e+03
9.680000000000000000e+02
1.000000000000000000e+03
1.572000000000000000e+03
1.507000000000000000e+03
1.118000000000000000e+03
7.260000000000000000e+02
1.005000000000000000e+03
1.229000000000000000e+03
1.148000000000000000e+03
9.190000000000000000e+02
7.510000000000000000e+02
1.141000000000000000e+03
1.022000000000000000e+03
1.067000000000000000e+03
2.065000000000000000e+03
1.010000000000000000e+03
1.257000000000000000e+03
9.400000000000000000e+02
8.600000000000000000e+02
2.260000000000000000e+03
8.150000000000000000e+02
1.069000000000000000e+03
1.178000000000000000e+03
1.755000000000000000e+03
8.490000000000000000e+02
1.313000000000000000e+03
1.333000000000000000e+03
1.581000000000000000e+03
1.154000000000000000e+03
1.288000000000000000e+03
9.840000000000000000e+02
1.321000000000000000e+03
1.376000000000000000e+03
9.760000000000000000e+02
5.890000000000000000e+02
1.001000000000000000e+03
9.840000000000000000e+02
9.200000000000000000e+02
9.080000000000000000e+02
9.550000000000000000e+02
1.390000000000000000e+03
9.940000000000000000e+02
1.051000000000000000e+03
1.553000000000000000e+03
1.635000000000000000e+03
1.235000000000000000e+03
1.159000000000000000e+03
2.667000000000000000e+03
1.107000000000000000e+03
8.190000000000000000e+02
1.052000000000000000e+03
1.258000000000000000e+03
9.400000000000000000e+02
1.067000000000000000e+03
1.251000000000000000e+03
1.199000000000000000e+03
8.370000000000000000e+02
1.068000000000000000e+03
7.540000000000000000e+02
1.496000000000000000e+03
1.609000000000000000e+03
6.800000000000000000e+02
1.495000000000000000e+03
1.370000000000000000e+03
1.389000000000000000e+03
1.014000000000000000e+03
1.312000000000000000e+03
2.159000000000000000e+03
8.560000000000000000e+02
1.379000000000000000e+03
1.795000000000000000e+03
7.740000000000000000e+02
1.564000000000000000e+03
1.087000000000000000e+03
2.308000000000000000e+03
9.120000000000000000e+02
1.380000000000000000e+03
8.740000000000000000e+02
1.184000000000000000e+03
1.499000000000000000e+03
1.477000000000000000e+03
9.400000000000000000e+02
1.262000000000000000e+03
1.179000000000000000e+03
1.182000000000000000e+03
1.864000000000000000e+03
9.360000000000000000e+02
1.927000000000000000e+03
9.690000000000000000e+02
1.287000000000000000e+03
9.490000000000000000e+02
6.570000000000000000e+02
1.730000000000000000e+03
1.298000000000000000e+03
1.444000000000000000e+03
9.810000000000000000e+02
7.870000000000000000e+02
1.289000000000000000e+03
1.111000000000000000e+03
7.540000000000000000e+02
1.234000000000000000e+03
9.140000000000000000e+02
9.090000000000000000e+02
1.538000000000000000e+03
9.540000000000000000e+02
8.700000000000000000e+02
1.387000000000000000e+03
1.023000000000000000e+03
1.960000000000000000e+03
1.426000000000000000e+03
8.840000000000000000e+02
2.083000000000000000e+03
2.042000000000000000e+03
8.850000000000000000e+02
1.125000000000000000e+03
1.345000000000000000e+03
9.290000000000000000e+02
1.290000000000000000e+03
8.480000000000000000e+02
8.210000000000000000e+02
9.910000000000000000e+02
9.840000000000000000e+02
1.162000000000000000e+03
8.050000000000000000e+02
8.080000000000000000e+02
1.257000000000000000e+03
9.640000000000000000e+02
9.680000000000000000e+02
1.202000000000000000e+03
1.304000000000000000e+03
1.024000000000000000e+03
7.920000000000000000e+02
1.299000000000000000e+03
7.930000000000000000e+02
1.180000000000000000e+03
9.840000000000000000e+02
1.858000000000000000e+03
2.001000000000000000e+03
1.014000000000000000e+03
1.338000000000000000e+03
8.530000000000000000e+02
1.149000000000000000e+03
1.224000000000000000e+03
7.420000000000000000e+02
9.230000000000000000e+02
1.536000000000000000e+03
1.778000000000000000e+03
9.540000000000000000e+02
7.660000000000000000e+02
1.073000000000000000e+03
7.580000000000000000e+02
1.098000000000000000e+03
1.517000000000000000e+03
8.370000000000000000e+02
9.280000000000000000e+02
1.332000000000000000e+03
1.045000000000000000e+03
1.043000000000000000e+03
1.418000000000000000e+03
8.000000000000000000e+02
1.290000000000000000e+03
9.270000000000000000e+02
1.225000000000000000e+03
6.670000000000000000e+02
9.640000000000000000e+02
1.030000000000000000e+03
8.430000000000000000e+02
9.230000000000000000e+02
1.555000000000000000e+03
1.536000000000000000e+03
1.006000000000000000e+03
9.740000000000000000e+02
9.140000000000000000e+02
9.710000000000000000e+02
1.947000000000000000e+03
1.123000000000000000e+03
9.730000000000000000e+02
1.117000000000000000e+03
1.045000000000000000e+03
1.277000000000000000e+03
1.796000000000000000e+03
9.160000000000000000e+02
1.132000000000000000e+03
1.491000000000000000e+03
8.200000000000000000e+02
1.377000000000000000e+03
1.176000000000000000e+03
1.168000000000000000e+03
8.900000000000000000e+02
1.498000000000000000e+03
8.730000000000000000e+02
1.117000000000000000e+03
1.006000000000000000e+03
1.077000000000000000e+03
1.184000000000000000e+03
1.345000000000000000e+03
1.455000000000000000e+03
1.041000000000000000e+03
9.390000000000000000e+02
9.020000000000000000e+02
6.570000000000000000e+02
9.100000000000000000e+02
8.500000000000000000e+02
1.120000000000000000e+03
1.227000000000000000e+03
1.765000000000000000e+03
1.266000000000000000e+03
1.271000000000000000e+03
1.031000000000000000e+03
1.170000000000000000e+03
1.122000000000000000e+03
1.020000000000000000e+03
1.224000000000000000e+03
9.040000000000000000e+02
9.010000000000000000e+02
1.077000000000000000e+03
7.050000000000000000e+02
1.216000000000000000e+03
8.660000000000000000e+02
9.880000000000000000e+02
7.040000000000000000e+02
8.250000000000000000e+02
9.350000000000000000e+02
6.100000000000000000e+02
1.168000000000000000e+03
8.380000000000000000e+02
1.472000000000000000e+03
1.046000000000000000e+03
1.092000000000000000e+03
1.445000000000000000e+03
1.064000000000000000e+03
1.307000000000000000e+03
1.207000000000000000e+03
1.268000000000000000e+03
1.116000000000000000e+03
1.927000000000000000e+03
9.780000000000000000e+02
1.255000000000000000e+03
7.070000000000000000e+02
1.680000000000000000e+03
9.670000000000000000e+02
1.056000000000000000e+03
1.534000000000000000e+03
1.376000000000000000e+03
1.076000000000000000e+03
1.251000000000000000e+03
7.930000000000000000e+02
8.640000000000000000e+02
1.745000000000000000e+03
1.222000000000000000e+03
8.990000000000000000e+02
1.480000000000000000e+03
7.910000000000000000e+02
8.750000000000000000e+02
1.219000000000000000e+03
1.179000000000000000e+03
1.135000000000000000e+03
9.090000000000000000e+02
8.310000000000000000e+02
1.096000000000000000e+03
7.350000000000000000e+02
1.240000000000000000e+03
9.830000000000000000e+02
1.426000000000000000e+03
8.010000000000000000e+02
1.356000000000000000e+03
6.710000000000000000e+02
1.317000000000000000e+03
6.570000000000000000e+02
8.530000000000000000e+02
1.000000000000000000e+03
1.130000000000000000e+03
9.880000000000000000e+02
1.119000000000000000e+03
1.003000000000000000e+03
9.300000000000000000e+02
1.223000000000000000e+03
1.091000000000000000e+03
1.092000000000000000e+03
9.050000000000000000e+02
1.589000000000000000e+03
1.209000000000000000e+03
1.625000000000000000e+03
1.676000000000000000e+03
1.257000000000000000e+03
2.411000000000000000e+03
1.261000000000000000e+03
1.199000000000000000e+03
2.480000000000000000e+03
1.123000000000000000e+03
1.297000000000000000e+03
2.179000000000000000e+03
6.230000000000000000e+02
7.090000000000000000e+02
1.475000000000000000e+03
1.071000000000000000e+03
8.990000000000000000e+02
1.237000000000000000e+03
1.071000000000000000e+03
1.368000000000000000e+03
1.208000000000000000e+03
1.160000000000000000e+03
1.174000000000000000e+03
9.810000000000000000e+02
1.005000000000000000e+03
1.021000000000000000e+03
8.980000000000000000e+02
6.850000000000000000e+02
1.508000000000000000e+03
8.300000000000000000e+02
1.319000000000000000e+03
1.660000000000000000e+03
7.440000000000000000e+02
1.005000000000000000e+03
7.560000000000000000e+02
9.500000000000000000e+02
9.390000000000000000e+02
8.590000000000000000e+02
8.880000000000000000e+02
7.490000000000000000e+02
8.910000000000000000e+02
1.306000000000000000e+03
8.580000000000000000e+02
9.480000000000000000e+02
1.136000000000000000e+03
7.880000000000000000e+02
8.600000000000000000e+02
1.102000000000000000e+03
8.050000000000000000e+02
1.179000000000000000e+03
1.185000000000000000e+03
1.120000000000000000e+03
8.960000000000000000e+02
1.103000000000000000e+03
9.490000000000000000e+02
2.398000000000000000e+03
9.170000000000000000e+02
1.007000000000000000e+03
9.660000000000000000e+02
8.030000000000000000e+02
1.504000000000000000e+03
8.870000000000000000e+02
9.430000000000000000e+02
1.163000000000000000e+03
1.104000000000000000e+03
1.724000000000000000e+03
1.089000000000000000e+03
1.025000000000000000e+03
7.820000000000000000e+02
9.420000000000000000e+02
1.456000000000000000e+03
1.315000000000000000e+03
1.780000000000000000e+03
1.259000000000000000e+03
1.551000000000000000e+03
1.311000000000000000e+03
1.771000000000000000e+03
9.050000000000000000e+02
1.104000000000000000e+03
1.085000000000000000e+03
1.117000000000000000e+03
1.331000000000000000e+03
9.050000000000000000e+02
1.534000000000000000e+03
1.238000000000000000e+03
1.553000000000000000e+03
1.832000000000000000e+03
1.007000000000000000e+03
8.710000000000000000e+02
1.211000000000000000e+03
1.289000000000000000e+03
1.078000000000000000e+03
1.178000000000000000e+03
1.402000000000000000e+03
9.940000000000000000e+02
9.480000000000000000e+02
8.560000000000000000e+02
6.850000000000000000e+02
1.681000000000000000e+03
5.600000000000000000e+02
9.800000000000000000e+02
1.054000000000000000e+03
8.300000000000000000e+02
8.000000000000000000e+02
1.281000000000000000e+03
1.381000000000000000e+03
1.292000000000000000e+03
9.310000000000000000e+02
9.960000000000000000e+02
2.176000000000000000e+03
8.770000000000000000e+02
7.730000000000000000e+02
9.760000000000000000e+02
8.070000000000000000e+02
9.980000000000000000e+02
6.450000000000000000e+02
7.060000000000000000e+02
1.145000000000000000e+03
9.390000000000000000e+02
1.126000000000000000e+03
1.079000000000000000e+03
1.899000000000000000e+03
1.873000000000000000e+03
1.393000000000000000e+03
7.550000000000000000e+02
1.403000000000000000e+03
1.300000000000000000e+03
8.780000000000000000e+02
9.820000000000000000e+02
7.230000000000000000e+02
7.860000000000000000e+02
1.178000000000000000e+03
2.238000000000000000e+03
1.278000000000000000e+03
9.790000000000000000e+02
1.335000000000000000e+03
1.062000000000000000e+03
1.558000000000000000e+03
1.038000000000000000e+03
1.130000000000000000e+03
9.330000000000000000e+02
8.010000000000000000e+02
9.600000000000000000e+02
1.209000000000000000e+03
8.540000000000000000e+02
9.300000000000000000e+02
9.770000000000000000e+02
1.392000000000000000e+03
1.075000000000000000e+03
1.164000000000000000e+03
8.190000000000000000e+02
1.420000000000000000e+03
1.039000000000000000e+03
1.149000000000000000e+03
9.940000000000000000e+02
8.380000000000000000e+02
1.300000000000000000e+03
9.250000000000000000e+02
1.157000000000000000e+03
8.380000000000000000e+02
7.010000000000000000e+02
1.144000000000000000e+03
1.076000000000000000e+03
9.460000000000000000e+02
1.337000000000000000e+03
1.014000000000000000e+03
9.810000000000000000e+02
9.360000000000000000e+02
1.325000000000000000e+03
1.240000000000000000e+03
1.081000000000000000e+03
9.930000000000000000e+02
1.523000000000000000e+03
6.190000000000000000e+02
9.810000000000000000e+02
1.016000000000000000e+03
9.640000000000000000e+02
9.850000000000000000e+02
1.187000000000000000e+03
6.460000000000000000e+02
1.212000000000000000e+03
1.611000000000000000e+03
1.232000000000000000e+03
1.130000000000000000e+03
9.930000000000000000e+02
1.427000000000000000e+03
1.153000000000000000e+03
1.207000000000000000e+03
8.040000000000000000e+02
1.218000000000000000e+03
6.480000000000000000e+02
9.850000000000000000e+02
1.464000000000000000e+03
2.008000000000000000e+03
7.350000000000000000e+02
1.105000000000000000e+03
1.499000000000000000e+03
9.780000000000000000e+02
7.900000000000000000e+02
