4.674000000000000000e+03
4.230000000000000000e+03
1.429700000000000000e+04
8.169000000000000000e+03
6.462000000000000000e+03
5.499000000000000000e+03
4.710000000000000000e+03
4.483000000000000000e+03
1.004600000000000000e+04
3.683000000000000000e+03
1.434800000000000000e+04
3.109000000000000000e+03
1.156500000000000000e+04
1.710000000000000000e+04
1.087300000000000000e+04
6.834000000000000000e+03
3.479000000000000000e+03
4.145000000000000000e+03
6.476000000000000000e+03
3.412000000000000000e+03
4.718000000000000000e+03
5.566000000000000000e+03
4.503000000000000000e+03
6.272000000000000000e+03
3.641000000000000000e+03
8.064000000000000000e+03
6.818000000000000000e+03
7.244000000000000000e+03
5.884000000000000000e+03
6.568000000000000000e+03
3.332000000000000000e+03
9.090000000000000000e+03
1.025500000000000000e+04
8.189000000000000000e+03
4.284000000000000000e+03
4.825000000000000000e+03
6.736000000000000000e+03
9.291000000000000000e+03
1.501600000000000000e+04
4.166000000000000000e+03
4.819000000000000000e+03
5.146000000000000000e+03
1.106600000000000000e+04
5.377000000000000000e+03
4.177000000000000000e+03
5.390000000000000000e+03
3.733000000000000000e+03
4.672000000000000000e+03
9.227000000000000000e+03
3.576000000000000000e+03
1.010900000000000000e+04
5.380000000000000000e+03
1.222500000000000000e+04
4.719000000000000000e+03
1.566200000000000000e+04
2.510000000000000000e+03
5.854000000000000000e+03
5.082000000000000000e+03
1.088300000000000000e+04
3.638000000000000000e+03
7.329000000000000000e+03
1.041200000000000000e+04
7.336000000000000000e+03
1.144800000000000000e+04
9.048000000000000000e+03
5.295000000000000000e+03
8.565000000000000000e+03
3.874000000000000000e+03
4.410000000000000000e+03
1.214600000000000000e+04
6.171000000000000000e+03
1.462800000000000000e+04
3.563000000000000000e+03
6.535000000000000000e+03
5.767000000000000000e+03
4.370000000000000000e+03
4.546000000000000000e+03
4.408000000000000000e+03
9.458000000000000000e+03
8.777000000000000000e+03
4.693000000000000000e+03
4.599000000000000000e+03
4.006000000000000000e+03
4.851000000000000000e+03
7.996000000000000000e+03
1.186600000000000000e+04
1.842500000000000000e+04
3.455000000000000000e+03
5.516000000000000000e+03
2.257000000000000000e+03
7.631000000000000000e+03
6.307000000000000000e+03
5.038000000000000000e+03
8.228000000000000000e+03
4.231000000000000000e+03
3.099000000000000000e+03
5.728000000000000000e+03
8.918000000000000000e+03
3.358000000000000000e+03
5.020000000000000000e+03
6.600000000000000000e+03
1.283800000000000000e+04
5.187000000000000000e+03
8.096000000000000000e+03
3.756000000000000000e+03
5.826000000000000000e+03
4.147000000000000000e+03
1.207400000000000000e+04
8.709000000000000000e+03
3.886000000000000000e+03
4.741000000000000000e+03
1.776000000000000000e+03
3.950000000000000000e+03
5.514000000000000000e+03
1.045700000000000000e+04
6.083000000000000000e+03
3.082000000000000000e+03
2.912000000000000000e+03
3.721000000000000000e+03
8.016000000000000000e+03
8.885000000000000000e+03
5.966000000000000000e+03
9.182000000000000000e+03
5.619000000000000000e+03
1.141100000000000000e+04
9.798000000000000000e+03
4.571000000000000000e+03
8.410000000000000000e+03
7.084000000000000000e+03
3.943000000000000000e+03
5.450000000000000000e+03
1.562600000000000000e+04
6.739000000000000000e+03
2.930000000000000000e+03
9.014000000000000000e+03
4.529000000000000000e+03
4.075000000000000000e+03
3.066000000000000000e+03
5.739000000000000000e+03
7.045000000000000000e+03
6.272000000000000000e+03
4.625000000000000000e+03
8.296000000000000000e+03
3.991000000000000000e+03
1.201300000000000000e+04
3.806000000000000000e+03
5.985000000000000000e+03
6.886000000000000000e+03
4.650000000000000000e+03
4.259000000000000000e+03
5.140000000000000000e+03
4.003000000000000000e+03
5.807000000000000000e+03
5.939000000000000000e+03
7.148000000000000000e+03
9.870000000000000000e+03
7.768000000000000000e+03
5.264000000000000000e+03
3.412000000000000000e+03
7.181000000000000000e+03
6.404000000000000000e+03
7.582000000000000000e+03
2.915000000000000000e+03
5.899000000000000000e+03
9.371000000000000000e+03
1.214700000000000000e+04
7.473000000000000000e+03
6.852000000000000000e+03
6.197000000000000000e+03
3.677000000000000000e+03
7.964000000000000000e+03
1.632000000000000000e+04
3.527000000000000000e+03
4.312000000000000000e+03
5.790000000000000000e+03
1.244000000000000000e+04
8.491000000000000000e+03
4.931000000000000000e+03
1.677300000000000000e+04
4.715000000000000000e+03
6.689000000000000000e+03
5.696000000000000000e+03
5.312000000000000000e+03
1.169300000000000000e+04
6.753000000000000000e+03
5.027000000000000000e+03
8.782000000000000000e+03
1.806000000000000000e+03
3.477000000000000000e+03
3.526000000000000000e+03
7.220000000000000000e+03
5.944000000000000000e+03
8.138000000000000000e+03
2.870000000000000000e+03
5.494000000000000000e+03
6.684000000000000000e+03
4.212000000000000000e+03
2.954000000000000000e+03
6.231000000000000000e+03
3.732000000000000000e+03
5.068000000000000000e+03
5.470000000000000000e+03
1.940300000000000000e+04
6.983000000000000000e+03
2.106000000000000000e+03
2.736000000000000000e+03
7.246000000000000000e+03
1.536400000000000000e+04
1.000900000000000000e+04
4.344000000000000000e+03
9.047000000000000000e+03
3.706000000000000000e+03
9.379000000000000000e+03
1.134400000000000000e+04
1.524000000000000000e+03
1.346000000000000000e+04
4.779000000000000000e+03
1.012000000000000000e+04
2.879000000000000000e+03
9.590000000000000000e+03
6.116000000000000000e+03
4.205000000000000000e+03
7.384000000000000000e+03
2.430000000000000000e+03
2.610000000000000000e+03
4.009000000000000000e+03
8.306000000000000000e+03
7.772000000000000000e+03
5.573000000000000000e+03
3.812000000000000000e+03
2.810000000000000000e+03
1.050700000000000000e+04
4.682000000000000000e+03
9.102000000000000000e+03
1.973000000000000000e+03
1.402600000000000000e+04
4.801000000000000000e+03
4.848000000000000000e+03
4.441000000000000000e+03
8.490000000000000000e+03
5.376000000000000000e+03
6.091000000000000000e+03
5.970000000000000000e+03
5.747000000000000000e+03
6.058000000000000000e+03
9.072000000000000000e+03
5.611000000000000000e+03
6.874000000000000000e+03
6.919000000000000000e+03
7.672000000000000000e+03
8.429000000000000000e+03
3.980000000000000000e+03
2.131300000000000000e+04
8.724000000000000000e+03
2.172000000000000000e+03
7.958000000000000000e+03
5.634000000000000000e+03
7.229000000000000000e+03
5.498000000000000000e+03
7.928000000000000000e+03
4.572000000000000000e+03
8.764000000000000000e+03
4.686000000000000000e+03
5.885000000000000000e+03
6.506000000000000000e+03
1.115400000000000000e+04
1.100500000000000000e+04
6.735000000000000000e+03
7.892000000000000000e+03
1.994000000000000000e+03
1.136900000000000000e+04
1.179900000000000000e+04
4.413000000000000000e+03
5.608000000000000000e+03
2.483000000000000000e+03
3.603000000000000000e+03
7.273000000000000000e+03
6.601000000000000000e+03
4.205000000000000000e+03
5.019000000000000000e+03
2.894000000000000000e+03
1.308600000000000000e+04
6.344000000000000000e+03
6.233000000000000000e+03
5.944000000000000000e+03
1.201300000000000000e+04
2.756000000000000000e+03
8.770000000000000000e+03
4.960000000000000000e+03
6.003000000000000000e+03
5.456000000000000000e+03
1.379700000000000000e+04
6.948000000000000000e+03
5.998000000000000000e+03
7.727000000000000000e+03
2.499000000000000000e+03
8.913000000000000000e+03
2.738000000000000000e+03
1.011700000000000000e+04
4.402000000000000000e+03
3.575000000000000000e+03
4.131000000000000000e+03
6.275000000000000000e+03
7.510000000000000000e+03
5.168000000000000000e+03
5.155000000000000000e+03
6.422000000000000000e+03
3.315000000000000000e+03
5.891000000000000000e+03
5.050000000000000000e+03
3.191000000000000000e+03
7.138000000000000000e+03
4.530000000000000000e+03
8.304000000000000000e+03
8.420000000000000000e+03
9.917000000000000000e+03
7.017000000000000000e+03
6.133000000000000000e+03
1.247600000000000000e+04
6.976000000000000000e+03
7.921000000000000000e+03
5.742000000000000000e+03
7.541000000000000000e+03
4.580000000000000000e+03
7.663000000000000000e+03
2.298000000000000000e+03
6.027000000000000000e+03
4.908000000000000000e+03
2.546000000000000000e+03
5.233000000000000000e+03
5.068000000000000000e+03
2.902000000000000000e+03
3.534000000000000000e+03
1.409200000000000000e+04
7.635000000000000000e+03
6.398000000000000000e+03
7.543000000000000000e+03
7.177000000000000000e+03
6.925000000000000000e+03
1.032600000000000000e+04
1.111400000000000000e+04
1.362500000000000000e+04
3.543000000000000000e+03
4.801000000000000000e+03
1.163000000000000000e+04
4.444000000000000000e+03
6.281000000000000000e+03
5.217000000000000000e+03
4.069000000000000000e+03
4.220000000000000000e+03
6.654000000000000000e+03
5.368000000000000000e+03
6.332000000000000000e+03
3.007000000000000000e+03
8.033000000000000000e+03
5.997000000000000000e+03
4.946000000000000000e+03
9.380000000000000000e+03
8.407000000000000000e+03
4.123000000000000000e+03
4.533000000000000000e+03
5.088000000000000000e+03
4.272000000000000000e+03
4.055000000000000000e+03
1.588200000000000000e+04
2.921000000000000000e+03
5.213000000000000000e+03
6.228000000000000000e+03
4.462000000000000000e+03
8.165000000000000000e+03
5.292000000000000000e+03
9.391000000000000000e+03
8.987000000000000000e+03
8.211000000000000000e+03
5.899000000000000000e+03
8.209000000000000000e+03
7.432000000000000000e+03
6.875000000000000000e+03
4.208000000000000000e+03
3.722000000000000000e+03
5.391000000000000000e+03
9.750000000000000000e+03
3.229000000000000000e+03
1.203900000000000000e+04
6.523000000000000000e+03
5.217000000000000000e+03
3.703000000000000000e+03
5.246000000000000000e+03
2.743700000000000000e+04
5.669000000000000000e+03
4.112000000000000000e+03
5.678000000000000000e+03
1.040900000000000000e+04
2.675000000000000000e+03
3.561000000000000000e+03
5.212000000000000000e+03
4.213000000000000000e+03
3.953000000000000000e+03
1.522900000000000000e+04
8.653000000000000000e+03
1.272600000000000000e+04
5.573000000000000000e+03
9.225000000000000000e+03
4.603000000000000000e+03
3.354000000000000000e+03
8.873000000000000000e+03
4.098000000000000000e+03
3.336000000000000000e+03
5.545000000000000000e+03
4.197000000000000000e+03
7.762000000000000000e+03
1.685600000000000000e+04
8.740000000000000000e+03
6.036000000000000000e+03
3.681000000000000000e+03
4.457000000000000000e+03
5.833000000000000000e+03
8.772000000000000000e+03
3.725000000000000000e+03
1.009600000000000000e+04
5.810000000000000000e+03
2.987000000000000000e+03
5.212000000000000000e+03
2.991000000000000000e+03
3.716000000000000000e+03
7.917000000000000000e+03
9.597000000000000000e+03
1.342700000000000000e+04
3.471000000000000000e+03
1.001600000000000000e+04
3.234000000000000000e+03
5.245000000000000000e+03
5.185000000000000000e+03
7.830000000000000000e+03
4.555000000000000000e+03
3.619000000000000000e+03
6.744000000000000000e+03
1.307200000000000000e+04
3.244000000000000000e+03
1.259400000000000000e+04
6.052000000000000000e+03
2.682000000000000000e+03
1.005700000000000000e+04
8.748000000000000000e+03
1.254400000000000000e+04
1.421400000000000000e+04
5.235000000000000000e+03
3.583000000000000000e+03
4.698000000000000000e+03
9.423000000000000000e+03
5.900000000000000000e+03
3.522000000000000000e+03
3.858000000000000000e+03
6.013000000000000000e+03
7.611000000000000000e+03
2.453400000000000000e+04
7.827000000000000000e+03
8.007000000000000000e+03
5.737000000000000000e+03
1.079100000000000000e+04
8.257000000000000000e+03
3.971000000000000000e+03
9.655000000000000000e+03
5.821000000000000000e+03
8.068000000000000000e+03
9.078000000000000000e+03
4.587000000000000000e+03
3.244000000000000000e+03
4.487000000000000000e+03
2.448000000000000000e+03
1.044700000000000000e+04
6.209000000000000000e+03
1.008200000000000000e+04
8.071000000000000000e+03
8.409000000000000000e+03
5.492000000000000000e+03
6.800000000000000000e+03
4.137000000000000000e+03
6.416000000000000000e+03
8.792000000000000000e+03
5.635000000000000000e+03
8.441000000000000000e+03
2.764000000000000000e+03
7.564000000000000000e+03
3.756000000000000000e+03
3.768000000000000000e+03
3.443000000000000000e+03
3.909000000000000000e+03
5.715000000000000000e+03
5.872000000000000000e+03
5.483000000000000000e+03
5.625000000000000000e+03
3.817000000000000000e+03
7.486000000000000000e+03
2.622000000000000000e+03
8.576000000000000000e+03
4.501000000000000000e+03
4.347000000000000000e+03
1.901000000000000000e+03
6.601000000000000000e+03
7.950000000000000000e+03
5.219000000000000000e+03
6.471000000000000000e+03
4.941000000000000000e+03
9.484000000000000000e+03
3.437000000000000000e+03
3.802000000000000000e+03
4.346000000000000000e+03
1.027900000000000000e+04
1.295900000000000000e+04
6.588000000000000000e+03
3.488000000000000000e+03
7.258000000000000000e+03
5.809000000000000000e+03
1.296300000000000000e+04
4.281000000000000000e+03
5.154000000000000000e+03
6.686000000000000000e+03
5.870000000000000000e+03
7.485000000000000000e+03
4.770000000000000000e+03
3.546000000000000000e+03
9.754000000000000000e+03
3.154000000000000000e+03
1.479400000000000000e+04
9.167000000000000000e+03
3.241000000000000000e+03
8.692000000000000000e+03
8.857000000000000000e+03
6.625000000000000000e+03
5.266000000000000000e+03
3.668000000000000000e+03
8.335000000000000000e+03
1.073800000000000000e+04
4.382000000000000000e+03
3.862000000000000000e+03
5.569000000000000000e+03
6.649000000000000000e+03
3.455000000000000000e+03
8.179000000000000000e+03
8.338000000000000000e+03
2.886000000000000000e+03
5.635000000000000000e+03
1.633800000000000000e+04
5.088000000000000000e+03
1.668000000000000000e+04
3.937000000000000000e+03
6.905000000000000000e+03
1.186000000000000000e+04
9.254000000000000000e+03
7.574000000000000000e+03
5.481000000000000000e+03
2.666000000000000000e+03
6.585000000000000000e+03
5.405000000000000000e+03
8.509000000000000000e+03
7.072000000000000000e+03
4.659000000000000000e+03
5.330000000000000000e+03
7.880000000000000000e+03
6.523000000000000000e+03
9.615000000000000000e+03
8.539000000000000000e+03
5.176000000000000000e+03
7.728000000000000000e+03
7.297000000000000000e+03
3.303000000000000000e+03
2.483000000000000000e+03
4.329000000000000000e+03
5.251000000000000000e+03
2.582000000000000000e+03
7.438000000000000000e+03
7.859000000000000000e+03
2.751000000000000000e+03
3.901000000000000000e+03
6.094000000000000000e+03
4.881000000000000000e+03
4.922000000000000000e+03
6.941000000000000000e+03
8.576000000000000000e+03
9.519000000000000000e+03
5.429000000000000000e+03
3.818000000000000000e+03
5.602000000000000000e+03
4.086000000000000000e+03
1.725000000000000000e+03
3.649000000000000000e+03
5.858000000000000000e+03
6.422000000000000000e+03
4.278000000000000000e+03
5.701000000000000000e+03
5.790000000000000000e+03
1.390600000000000000e+04
5.000000000000000000e+03
6.121000000000000000e+03
3.673000000000000000e+03
3.850000000000000000e+03
3.318000000000000000e+03
8.592000000000000000e+03
1.163000000000000000e+04
1.506300000000000000e+04
1.162000000000000000e+04
7.230000000000000000e+03
5.777000000000000000e+03
5.536000000000000000e+03
4.285000000000000000e+03
5.001000000000000000e+03
2.690000000000000000e+03
1.171700000000000000e+04
1.030000000000000000e+04
9.311000000000000000e+03
3.592000000000000000e+03
1.790900000000000000e+04
4.830000000000000000e+03
2.639000000000000000e+03
4.025000000000000000e+03
4.131000000000000000e+03
8.158000000000000000e+03
6.357000000000000000e+03
7.042000000000000000e+03
7.669000000000000000e+03
9.474000000000000000e+03
1.333600000000000000e+04
5.057000000000000000e+03
8.143000000000000000e+03
3.403000000000000000e+03
2.918000000000000000e+03
9.238000000000000000e+03
3.684000000000000000e+03
5.717000000000000000e+03
1.102900000000000000e+04
9.064000000000000000e+03
7.011000000000000000e+03
9.025000000000000000e+03
3.685000000000000000e+03
4.941000000000000000e+03
7.888000000000000000e+03
4.556000000000000000e+03
5.021000000000000000e+03
6.600000000000000000e+03
4.518000000000000000e+03
1.118800000000000000e+04
4.088000000000000000e+03
5.101000000000000000e+03
2.589000000000000000e+03
5.224000000000000000e+03
1.372300000000000000e+04
3.613000000000000000e+03
4.361000000000000000e+03
1.003900000000000000e+04
1.219400000000000000e+04
1.007800000000000000e+04
9.866000000000000000e+03
7.487000000000000000e+03
9.708000000000000000e+03
1.159200000000000000e+04
5.644000000000000000e+03
6.772000000000000000e+03
4.656000000000000000e+03
2.592500000000000000e+04
5.320000000000000000e+03
9.608000000000000000e+03
3.240000000000000000e+03
3.089000000000000000e+03
6.533000000000000000e+03
4.293000000000000000e+03
1.411600000000000000e+04
4.947000000000000000e+03
9.146000000000000000e+03
5.129000000000000000e+03
4.377000000000000000e+03
4.572000000000000000e+03
5.475000000000000000e+03
1.278100000000000000e+04
6.701000000000000000e+03
1.850800000000000000e+04
1.292400000000000000e+04
1.191000000000000000e+04
6.047000000000000000e+03
6.418000000000000000e+03
1.226200000000000000e+04
5.782000000000000000e+03
5.245000000000000000e+03
2.261000000000000000e+03
4.327000000000000000e+03
3.770000000000000000e+03
8.201000000000000000e+03
3.438000000000000000e+03
7.014000000000000000e+03
5.506000000000000000e+03
1.126300000000000000e+04
3.158000000000000000e+03
6.123000000000000000e+03
5.008000000000000000e+03
9.984000000000000000e+03
4.166000000000000000e+03
6.851000000000000000e+03
3.979000000000000000e+03
8.532000000000000000e+03
5.215000000000000000e+03
8.474000000000000000e+03
2.400000000000000000e+03
4.985000000000000000e+03
8.749000000000000000e+03
4.898000000000000000e+03
5.241000000000000000e+03
7.059000000000000000e+03
6.961000000000000000e+03
1.488100000000000000e+04
8.911000000000000000e+03
9.791000000000000000e+03
4.743000000000000000e+03
7.190000000000000000e+03
5.165000000000000000e+03
3.217000000000000000e+03
6.972000000000000000e+03
9.993000000000000000e+03
7.166000000000000000e+03
4.868000000000000000e+03
5.067000000000000000e+03
6.924000000000000000e+03
5.987000000000000000e+03
6.637000000000000000e+03
9.023000000000000000e+03
5.620000000000000000e+03
6.429000000000000000e+03
5.624000000000000000e+03
4.670000000000000000e+03
4.469000000000000000e+03
6.720000000000000000e+03
7.615000000000000000e+03
5.161000000000000000e+03
4.588000000000000000e+03
5.765000000000000000e+03
8.206000000000000000e+03
4.188000000000000000e+03
8.101000000000000000e+03
3.116000000000000000e+03
1.622900000000000000e+04
4.872000000000000000e+03
7.434000000000000000e+03
2.745000000000000000e+03
5.050000000000000000e+03
9.085000000000000000e+03
6.310000000000000000e+03
1.166800000000000000e+04
8.151000000000000000e+03
7.364000000000000000e+03
2.891000000000000000e+03
4.405000000000000000e+03
4.164000000000000000e+03
1.131900000000000000e+04
6.432000000000000000e+03
6.684000000000000000e+03
7.842000000000000000e+03
9.645000000000000000e+03
4.137000000000000000e+03
3.598000000000000000e+03
3.893000000000000000e+03
2.744000000000000000e+03
6.700000000000000000e+03
8.964000000000000000e+03
3.883000000000000000e+03
2.287000000000000000e+03
7.379000000000000000e+03
6.258000000000000000e+03
4.403000000000000000e+03
5.976000000000000000e+03
3.632000000000000000e+03
4.709000000000000000e+03
4.602000000000000000e+03
4.796000000000000000e+03
3.079000000000000000e+03
1.002800000000000000e+04
2.174000000000000000e+03
8.020000000000000000e+03
1.441300000000000000e+04
5.112000000000000000e+03
5.448000000000000000e+03
5.239000000000000000e+03
4.133000000000000000e+03
4.348000000000000000e+03
7.999000000000000000e+03
7.065000000000000000e+03
5.318000000000000000e+03
6.164000000000000000e+03
8.084000000000000000e+03
3.464000000000000000e+03
1.161600000000000000e+04
9.662000000000000000e+03
2.192900000000000000e+04
3.453000000000000000e+03
5.695000000000000000e+03
7.011000000000000000e+03
3.908000000000000000e+03
6.196000000000000000e+03
3.339000000000000000e+03
5.658000000000000000e+03
5.128000000000000000e+03
8.580000000000000000e+03
2.484000000000000000e+03
3.187000000000000000e+03
5.400000000000000000e+03
1.312900000000000000e+04
1.079200000000000000e+04
8.381000000000000000e+03
7.881000000000000000e+03
1.675300000000000000e+04
6.681000000000000000e+03
7.549000000000000000e+03
3.024000000000000000e+03
6.910000000000000000e+03
1.989500000000000000e+04
9.708000000000000000e+03
5.308000000000000000e+03
7.072000000000000000e+03
8.377000000000000000e+03
1.369700000000000000e+04
5.180000000000000000e+03
6.910000000000000000e+03
4.806000000000000000e+03
3.489000000000000000e+03
2.977000000000000000e+03
4.405000000000000000e+03
2.537000000000000000e+03
1.936700000000000000e+04
4.931000000000000000e+03
6.305000000000000000e+03
7.586000000000000000e+03
4.913000000000000000e+03
4.152000000000000000e+03
9.816000000000000000e+03
6.934000000000000000e+03
4.687000000000000000e+03
8.831000000000000000e+03
6.424000000000000000e+03
1.215200000000000000e+04
4.524000000000000000e+03
4.973000000000000000e+03
1.437200000000000000e+04
1.013000000000000000e+04
6.896000000000000000e+03
8.642000000000000000e+03
5.875000000000000000e+03
4.311000000000000000e+03
4.820000000000000000e+03
5.463000000000000000e+03
6.180000000000000000e+03
1.642400000000000000e+04
9.771000000000000000e+03
1.737200000000000000e+04
1.530400000000000000e+04
4.590000000000000000e+03
7.443000000000000000e+03
4.247000000000000000e+03
8.736000000000000000e+03
3.972000000000000000e+03
6.551000000000000000e+03
4.410000000000000000e+03
3.319000000000000000e+03
5.292000000000000000e+03
5.682000000000000000e+03
5.190000000000000000e+03
5.762000000000000000e+03
6.258000000000000000e+03
5.572000000000000000e+03
5.052000000000000000e+03
8.102000000000000000e+03
4.774000000000000000e+03
7.880000000000000000e+03
1.043000000000000000e+04
6.359000000000000000e+03
6.931000000000000000e+03
3.499000000000000000e+03
4.750000000000000000e+03
5.182000000000000000e+03
6.776000000000000000e+03
3.317000000000000000e+03
4.060000000000000000e+03
3.644000000000000000e+03
1.198300000000000000e+04
6.398000000000000000e+03
1.424400000000000000e+04
3.085000000000000000e+03
3.472000000000000000e+03
4.925000000000000000e+03
7.954000000000000000e+03
2.478400000000000000e+04
5.265000000000000000e+03
1.070100000000000000e+04
5.966000000000000000e+03
6.093000000000000000e+03
1.572600000000000000e+04
5.091000000000000000e+03
4.131000000000000000e+03
8.324000000000000000e+03
1.003700000000000000e+04
1.204000000000000000e+04
4.104000000000000000e+03
6.713000000000000000e+03
7.015000000000000000e+03
1.450200000000000000e+04
1.138100000000000000e+04
8.800000000000000000e+03
3.001000000000000000e+03
2.557000000000000000e+03
3.234000000000000000e+03
5.056000000000000000e+03
4.741000000000000000e+03
2.523000000000000000e+03
5.749000000000000000e+03
4.127000000000000000e+03
5.867000000000000000e+03
3.360000000000000000e+03
7.006000000000000000e+03
1.019100000000000000e+04
8.586000000000000000e+03
6.061000000000000000e+03
3.238000000000000000e+03
5.160000000000000000e+03
8.181000000000000000e+03
3.618000000000000000e+03
1.021500000000000000e+04
4.392000000000000000e+03
8.262000000000000000e+03
4.327000000000000000e+03
1.963000000000000000e+03
7.550000000000000000e+03
5.782000000000000000e+03
1.226100000000000000e+04
6.052000000000000000e+03
5.051000000000000000e+03
6.292000000000000000e+03
2.481700000000000000e+04
8.002000000000000000e+03
5.103000000000000000e+03
4.068000000000000000e+03
4.425000000000000000e+03
6.695000000000000000e+03
2.507000000000000000e+03
7.620000000000000000e+03
7.643000000000000000e+03
6.814000000000000000e+03
6.297000000000000000e+03
8.478000000000000000e+03
1.120000000000000000e+04
1.801000000000000000e+03
5.511000000000000000e+03
4.032000000000000000e+03
5.371000000000000000e+03
1.481400000000000000e+04
7.053000000000000000e+03
6.092000000000000000e+03
2.735000000000000000e+03
4.611000000000000000e+03
8.245000000000000000e+03
6.044000000000000000e+03
9.125000000000000000e+03
1.254400000000000000e+04
5.827000000000000000e+03
2.824000000000000000e+03
6.397000000000000000e+03
9.623000000000000000e+03
1.030600000000000000e+04
1.713400000000000000e+04
3.309000000000000000e+03
9.087000000000000000e+03
2.757000000000000000e+03
4.142000000000000000e+03
7.511000000000000000e+03
1.108400000000000000e+04
4.467000000000000000e+03
5.865000000000000000e+03
2.413800000000000000e+04
5.403000000000000000e+03
1.337000000000000000e+04
8.814000000000000000e+03
6.581000000000000000e+03
6.359000000000000000e+03
6.183000000000000000e+03
3.198000000000000000e+03
6.120000000000000000e+03
1.949100000000000000e+04
3.687000000000000000e+03
3.907000000000000000e+03
4.972000000000000000e+03
5.961000000000000000e+03
2.849000000000000000e+03
5.002000000000000000e+03
1.034600000000000000e+04
3.096000000000000000e+03
5.399000000000000000e+03
8.027000000000000000e+03
7.609000000000000000e+03
6.216000000000000000e+03
7.049000000000000000e+03
4.916000000000000000e+03
5.281000000000000000e+03
5.336000000000000000e+03
3.054000000000000000e+03
