1.565074135090609511e-02
2.306425041186161567e-02
1.729818780889621002e-02
1.812191103789126748e-02
1.894563426688632493e-02
1.976935749588138239e-02
2.553542009884678804e-02
1.647446457990115257e-02
1.565074135090609511e-02
2.059308072487643984e-02
1.976935749588138239e-02
1.812191103789126748e-02
1.482701812191103766e-02
1.812191103789126748e-02
1.729818780889621002e-02
1.976935749588138239e-02
1.812191103789126748e-02
2.306425041186161567e-02
1.976935749588138239e-02
2.141680395387150077e-02
2.306425041186161567e-02
1.812191103789126748e-02
1.894563426688632493e-02
2.059308072487643984e-02
2.306425041186161567e-02
2.471169686985173058e-02
2.059308072487643984e-02
2.224052718286655822e-02
1.894563426688632493e-02
1.812191103789126748e-02
2.141680395387150077e-02
1.729818780889621002e-02
1.729818780889621002e-02
1.976935749588138239e-02
1.894563426688632493e-02
2.141680395387150077e-02
2.224052718286655822e-02
2.471169686985173058e-02
1.976935749588138239e-02
2.306425041186161567e-02
2.306425041186161567e-02
2.059308072487643984e-02
1.647446457990115257e-02
2.306425041186161567e-02
2.141680395387150077e-02
2.388797364085667313e-02
1.317957166392092275e-02
2.141680395387150077e-02
2.059308072487643984e-02
2.059308072487643984e-02
