2.083333333333333218e-02
4.166666666666666435e-02
4.166666666666666435e-02
4.166666666666666435e-02
4.166666666666666435e-02
4.166666666666666435e-02
4.166666666666666435e-02
4.166666666666666435e-02
4.166666666666666435e-02
4.166666666666666435e-02
4.166666666666666435e-02
4.166666666666666435e-02
4.166666666666666435e-02
4.166666666666666435e-02
4.166666666666666435e-02
4.166666666666666435e-02
4.166666666666666435e-02
4.166666666666666435e-02
4.166666666666666435e-02
4.166666666666666435e-02
4.166666666666666435e-02
4.166666666666666435e-02
4.166666666666666435e-02
4.166666666666666435e-02
2.083333333333333218e-02
