2.083333333333333218e-02
3.645833333333333565e-02
7.812500000000000000e-02
5.729166666666666435e-02
2.604166666666666782e-02
1.562500000000000000e-02
6.250000000000000000e-02
3.125000000000000000e-02
1.041666666666666609e-02
3.125000000000000000e-02
5.208333333333333565e-02
2.604166666666666782e-02
2.083333333333333218e-02
1.562500000000000000e-02
1.562500000000000000e-02
3.125000000000000000e-02
2.604166666666666782e-02
2.083333333333333218e-02
1.041666666666666609e-02
1.562500000000000000e-02
1.562500000000000000e-02
1.041666666666666609e-02
2.083333333333333218e-02
1.041666666666666609e-02
2.083333333333333218e-02
1.041666666666666609e-02
2.083333333333333218e-02
1.041666666666666609e-02
1.041666666666666609e-02
1.041666666666666609e-02
1.562500000000000000e-02
1.562500000000000000e-02
1.041666666666666609e-02
1.041666666666666609e-02
1.041666666666666609e-02
2.083333333333333218e-02
2.083333333333333218e-02
1.041666666666666609e-02
1.041666666666666609e-02
1.041666666666666609e-02
1.041666666666666609e-02
1.041666666666666609e-02
1.562500000000000000e-02
1.041666666666666609e-02
2.083333333333333218e-02
1.041666666666666609e-02
1.041666666666666609e-02
1.041666666666666609e-02
1.041666666666666609e-02
1.041666666666666609e-02
