1.973684210526315680e-02
6.578947368421052266e-03
1.315789473684210453e-02
3.947368421052631360e-02
1.973684210526315680e-02
2.631578947368420907e-02
1.315789473684210453e-02
1.315789473684210453e-02
1.315789473684210453e-02
2.631578947368420907e-02
1.315789473684210453e-02
1.973684210526315680e-02
1.973684210526315680e-02
1.973684210526315680e-02
6.578947368421052266e-03
1.315789473684210453e-02
6.578947368421052266e-03
1.315789473684210453e-02
6.578947368421052266e-03
1.315789473684210453e-02
6.578947368421052266e-03
6.578947368421052266e-03
6.578947368421052266e-03
1.315789473684210453e-02
1.315789473684210453e-02
1.315789473684210453e-02
1.973684210526315680e-02
2.631578947368420907e-02
6.578947368421052266e-03
1.315789473684210453e-02
1.315789473684210453e-02
1.315789473684210453e-02
1.315789473684210453e-02
6.578947368421052266e-03
1.315789473684210453e-02
6.578947368421052266e-03
6.578947368421052266e-03
6.578947368421052266e-03
6.578947368421052266e-03
1.315789473684210453e-02
1.973684210526315680e-02
1.315789473684210453e-02
6.578947368421052266e-03
1.315789473684210453e-02
6.578947368421052266e-03
1.315789473684210453e-02
1.315789473684210453e-02
1.315789473684210453e-02
1.973684210526315680e-02
1.315789473684210453e-02
1.315789473684210453e-02
1.315789473684210453e-02
1.315789473684210453e-02
6.578947368421052266e-03
6.578947368421052266e-03
1.315789473684210453e-02
1.315789473684210453e-02
1.315789473684210453e-02
1.973684210526315680e-02
6.578947368421052266e-03
1.315789473684210453e-02
1.315789473684210453e-02
1.315789473684210453e-02
1.315789473684210453e-02
1.973684210526315680e-02
1.315789473684210453e-02
1.973684210526315680e-02
1.315789473684210453e-02
6.578947368421052266e-03
6.578947368421052266e-03
1.315789473684210453e-02
1.315789473684210453e-02
6.578947368421052266e-03
1.315789473684210453e-02
1.315789473684210453e-02
1.315789473684210453e-02
