7.554142056640920089e-01
4.254510607362368413e-01
3.093984621479334840e-01
2.377863881401617308e-01
1.990505088386206045e-01
1.615964708267596528e-01
1.398280030875609925e-01
1.225048206918096794e-01
1.093831176565698837e-01
9.965806772449134487e-02
8.780597514470753207e-02
8.067715282370456487e-02
7.838875901497648069e-02
7.076310154803840125e-02
6.519181716768812640e-02
6.410810802085779858e-02
6.075441456970966103e-02
5.470342939929314502e-02
5.302318599610447714e-02
5.160960503364878105e-02
