9.767831079620490797e+00
6.162502748429407973e+01
1.244364883458224256e+02
1.880044319008464129e+02
2.542112022582010411e+02
3.117113712378808827e+02
3.839562381821657482e+02
4.334294824718780319e+02
5.104005039727527446e+02
5.709296401506582015e+02
6.121986229770531054e+02
7.049584524551501090e+02
7.829730402791656161e+02
8.333855347549775843e+02
8.960141298900147149e+02
9.493868584805879891e+02
1.005274643465734698e+03
1.084975112177896790e+03
1.125097120563376166e+03
1.198958564433633910e+03
1.262263096762382474e+03
