7.225271983231859041e-01
4.281585285745565517e-01
3.186866011340671601e-01
2.388187287301817840e-01
2.027563187144061363e-01
1.695048593055941966e-01
1.337394509081285543e-01
1.259070273417648989e-01
1.086415818882929679e-01
1.024395509499136520e-01
9.021797059994197954e-02
8.668546458749809558e-02
8.210832962423862680e-02
7.149970710074182723e-02
6.419833364863047898e-02
6.538210745957225012e-02
5.766334668407487041e-02
5.462689116422901614e-02
5.121680337323151339e-02
5.165200875963421590e-02
