5.718534313450424067e-01
4.935248999555358340e-01
4.709142864714221943e-01
4.362813003213535379e-01
4.394993438832446864e-01
4.500759851384250609e-01
4.458658596653581330e-01
4.387598537329339687e-01
4.315653547977271742e-01
4.426169648383812549e-01
4.398321871260580940e-01
4.497681697667434975e-01
4.508927913768628892e-01
4.575048634091244404e-01
4.268144499029431493e-01
4.321258730426428829e-01
4.257141888284743381e-01
4.402482044771175995e-01
4.322547545984086748e-01
4.328208309035804224e-01
