1.982600000000000051e+01
1.223234000000000066e+02
2.465396000000000072e+02
3.700242000000000075e+02
4.993238000000000056e+02
6.260289999999999964e+02
7.536810000000000400e+02
8.714696000000000140e+02
1.016370599999999968e+03
1.129708800000000110e+03
1.246855000000000018e+03
1.384719800000000077e+03
1.526885999999999967e+03
1.635204600000000028e+03
1.794391200000000026e+03
1.896129400000000032e+03
2.018497800000000097e+03
2.145861600000000180e+03
2.249409999999999854e+03
2.388381800000000112e+03
2.517242799999999988e+03
