1.383909308045346009e-02
5.405797297101351713e-03
5.003297498351251191e-03
1.024199487900256077e-02
1.382949308525345707e-02
1.476809261595369259e-02
1.083389458305270871e-02
1.080649459675270090e-02
5.631497184251407599e-03
2.713898643050678423e-03
1.389489305255347390e-02
1.876979061510469088e-02
1.395079302460348718e-02
5.557197221401389241e-03
7.154696422651788887e-03
1.383419308290345824e-02
1.386989306505346728e-02
9.117395441302279802e-03
1.880539059730470045e-02
5.484497257751371098e-03
5.487597256201372058e-03
1.482579258710370676e-02
4.213697893151053739e-03
1.024879487560256298e-02
2.718998640500679652e-03
9.080195459902270019e-03
9.085195457402271343e-03
4.163797918101040836e-03
5.676097161951419029e-03
1.081079459460270245e-02
1.197829401085299429e-02
1.076919461540269164e-02
1.624339187830406081e-02
1.195929402035299065e-02
1.025929487035256472e-02
1.078999460500269791e-02
5.051197474401262523e-03
1.748179125910436990e-02
1.877589061205469506e-02
9.090095454952273196e-03
5.582897208551395631e-03
4.200097899951050172e-03
4.176497911751043957e-03
1.746109126945436657e-02
1.198369400815299524e-02
1.029589485205257421e-02
1.743939128030435812e-02
5.025797487101256282e-03
1.025809487095256413e-02
1.472969263515368221e-02
1.480939259530370151e-02
4.989197505401247665e-03
1.017839491080254483e-02
1.084309457845271038e-02
5.463997268001365842e-03
9.155295422352289353e-03
4.245797877101061858e-03
4.166597916701041647e-03
1.390119304940347529e-02
5.684897157551421082e-03
1.072369463815268063e-02
5.423197288401356009e-03
1.383739308130345867e-02
4.220897889551055576e-03
9.130995434502282501e-03
1.477009261495369243e-02
5.417797291101354197e-03
1.743279128360435831e-02
1.745939127030436341e-02
5.049297475351262159e-03
1.025989487005256502e-02
5.420397289801355198e-03
9.098995450502274721e-03
2.756098621950689095e-03
1.744059127970435871e-02
1.471939264030367941e-02
1.084849457575271132e-02
5.579497210251394522e-03
1.473029263485368251e-02
4.191697904151047739e-03
1.626809186595406728e-02
1.740679129660435004e-02
1.200209399895300032e-02
5.394897302551348618e-03
9.069695465152268279e-03
5.626097186951406655e-03
1.626079186960406597e-02
5.054197472901263144e-03
7.161896419051790724e-03
1.880879059560470329e-02
1.629859185070407432e-02
2.742898628550685582e-03
5.003497498251251001e-03
1.026439486780256552e-02
5.016097491951253783e-03
7.212196393901803247e-03
7.179496410251794830e-03
1.748039125980437036e-02
5.653897173051413219e-03
1.477159261420369317e-02
