3.703259259348148230e-02
3.826199234760153250e-02
4.097049180590164180e-02
3.971079205784158739e-02
4.537489092502181715e-02
4.821769035646192997e-02
3.584679283064143296e-02
4.147539170492165611e-02
3.769819246036151122e-02
4.244619151076169800e-02
3.710859257828148100e-02
3.430849313830137276e-02
3.715439256912148741e-02
3.778799244240151067e-02
4.165279166944166334e-02
3.622759275448145244e-02
3.681579263684147535e-02
4.796559040688191944e-02
4.046849190630161935e-02
3.504019299196139969e-02
3.892129221574155973e-02
4.124639175072165181e-02
4.246819150636169798e-02
4.579039084192183112e-02
4.000879199824160237e-02
