8.312789193374048660e-03
1.631817878636757785e-02
2.351926942494974790e-02
3.006426091646080892e-02
3.589055334228065386e-02
4.108324659177942789e-02
4.552894081237694734e-02
4.925203597235323916e-02
5.234443195223846546e-02
5.478712877673259235e-02
5.648742656634546389e-02
5.753872519965724103e-02
5.793362468628790451e-02
5.757742514934730688e-02
5.654612649003556285e-02
5.486012868183271635e-02
5.241933185486858521e-02
4.928553592880328960e-02
4.546714089271684106e-02
4.097804672853925384e-02
3.584705339883058339e-02
3.000506099342070687e-02
2.342796954363959155e-02
1.621877891558741111e-02
8.306789201174037685e-03
