4.759261925904592627e-02
1.555987552099583277e-03
2.889376884984920166e-02
7.808037535699714760e-02
3.393972848217214483e-02
3.528471772225821868e-02
8.729930160558715957e-03
4.264965880272957727e-03
4.305965552275582177e-03
4.049567603459172660e-02
4.268965848273213390e-03
1.789985680114558955e-02
2.260281917744658142e-02
2.713978288173694506e-02
1.457988336093311290e-03
1.762285901712786276e-02
1.440988472092223204e-03
4.302965576275389996e-03
1.419988640090879238e-03
7.207942336461308636e-03
1.469988240094079147e-03
1.427988576091391215e-03
1.420988632090943371e-03
8.126934984520124000e-03
2.731378148974808115e-02
7.380940952472380377e-03
1.312789497684018446e-02
2.093183254533963894e-02
1.453988368093055194e-03
4.339965280277757916e-03
7.071943424452603946e-03
3.159474724202206153e-02
4.314965480276157853e-03
1.484988120095039185e-03
4.374965000279998004e-03
1.431988544091647312e-03
1.488988088095295282e-03
1.502987976096191187e-03
1.456988344093247158e-03
4.285965712274302127e-03
1.530187758497932038e-02
4.388964888280893692e-03
1.504987960096319235e-03
4.435964512283901637e-03
1.437988496092031240e-03
1.289889680882552910e-02
1.545287637698898424e-02
1.796185630514956014e-02
2.307181542547659739e-02
2.510279917760658078e-02
2.006283949728402197e-02
2.249782001743986029e-02
7.180942552459580741e-03
1.471988224094207195e-03
1.487988096095231149e-03
4.441964464284285999e-03
7.365941072471420339e-03
1.021791825665394754e-02
2.539879680962552413e-02
1.474988200094399160e-03
2.946976424188606572e-02
9.921920624635002448e-03
7.161942704458364173e-03
9.992920056639546106e-03
2.059883520931832593e-02
2.246582027343781152e-02
2.646678826569387466e-02
2.189882480940152573e-02
1.480988152094783305e-03
1.440988472092223204e-03
4.339965280277757916e-03
4.478964168286653919e-03
1.493988048095615294e-03
2.484980120159038797e-02
2.706078351373189181e-02
2.920776633786929810e-02
