3.556818932954319834e-02
1.060390681882795449e-01
1.614745515576345436e-01
6.584768024569592759e-02
1.828179451546164611e-02
1.818779454366163673e-02
1.651480504555848661e-01
5.218058434582469735e-02
5.142208457337462540e-02
1.819939454018163622e-02
3.558208932537320485e-02
1.820359453892163998e-02
1.826819451954164383e-02
1.817279454816163667e-02
3.562728931181320668e-02
1.819379454186163814e-02
1.814839455548163463e-02
1.813259456022163138e-02
1.816819454954163651e-02
1.818799454360163839e-02
1.816299455110163483e-02
1.823699452890164066e-02
1.819219454234163869e-02
1.820179453946163886e-02
1.817189454843163438e-02
