1.521139625464884744e-02
3.834031372958708085e-03
3.246421302649675489e-03
1.033545856296721153e-02
1.521139625464884744e-02
1.644301514197708119e-02
1.107174175945801857e-02
1.107174175945801857e-02
4.092863595458751287e-03
1.581368778600612194e-04
1.521139625464884744e-02
2.196816953391347860e-02
1.521139625464885264e-02
4.092863595458751287e-03
6.172398791775953776e-03
1.521139625464884744e-02
1.521139625464885091e-02
8.770740377141761357e-03
2.196816953391347860e-02
3.834031372958708085e-03
3.834031372958708519e-03
1.644301514197707773e-02
2.154456366394082514e-03
1.033545856296721153e-02
1.581368778600612194e-04
8.770740377141763092e-03
8.770740377141763092e-03
2.154456366394082514e-03
4.092863595458751287e-03
1.107174175945802377e-02
1.269227549331355086e-02
1.107174175945802377e-02
1.847297870654271770e-02
1.269227549331354739e-02
1.033545856296721327e-02
1.107174175945801510e-02
3.246421302649676790e-03
2.010789556464295802e-02
2.196816953391347166e-02
8.770740377141763092e-03
4.092863595458752154e-03
2.154456366394081647e-03
2.154456366394082081e-03
2.010789556464298231e-02
1.269227549331355953e-02
1.033545856296720807e-02
2.010789556464296496e-02
3.246421302649677657e-03
1.033545856296720807e-02
1.644301514197707773e-02
1.644301514197707773e-02
3.246421302649676356e-03
1.033545856296721327e-02
1.107174175945802377e-02
3.834031372958707218e-03
8.770740377141756153e-03
2.154456366394083382e-03
2.154456366394082514e-03
1.521139625464884571e-02
4.092863595458751287e-03
1.107174175945802204e-02
3.834031372958708085e-03
1.521139625464884571e-02
2.154456366394082948e-03
8.770740377141763092e-03
1.644301514197707773e-02
3.834031372958708085e-03
2.010789556464297537e-02
2.010789556464296496e-02
3.246421302649675055e-03
1.033545856296721500e-02
3.834031372958708519e-03
8.770740377141759622e-03
1.581368778600612194e-04
2.010789556464298231e-02
1.644301514197707079e-02
1.107174175945802204e-02
4.092863595458752154e-03
1.644301514197707773e-02
2.154456366394083382e-03
1.847297870654272117e-02
2.010789556464296496e-02
1.269227549331355086e-02
3.834031372958708519e-03
8.770740377141763092e-03
4.092863595458752154e-03
1.847297870654271076e-02
3.246421302649675055e-03
6.172398791775952909e-03
2.196816953391346472e-02
1.847297870654271770e-02
1.581368778600612194e-04
3.246421302649675055e-03
1.033545856296720807e-02
3.246421302649676356e-03
6.172398791775956378e-03
6.172398791775952909e-03
2.010789556464297190e-02
4.092863595458752154e-03
1.644301514197708813e-02
