1.143758968573360506e-02
2.570312566668033274e-02
1.163752227974928014e-02
1.552207545305474452e-02
1.675860685543123507e-02
2.065504112191719754e-02
3.264172813903794962e-02
1.485083919951965536e-02
1.265025992061671357e-02
2.101830380314103838e-02
1.760801589658784333e-02
1.407687102647126043e-02
9.979760556310803693e-03
1.686757395375028043e-02
1.661994712037545216e-02
1.602445822196190209e-02
1.660752930478501255e-02
2.646672581634557792e-02
1.879318640642997293e-02
2.017269004892618955e-02
2.716042045090859280e-02
1.407841518774369076e-02
1.889639932280979748e-02
2.327068920895005930e-02
2.870183755486139382e-02
2.963438465125471308e-02
1.710894339317195825e-02
2.522040613225350406e-02
1.717473104988510163e-02
1.640135503285132176e-02
2.570909660617797313e-02
1.470861964696315062e-02
1.555159426112866922e-02
1.552755760370206663e-02
1.611569529018956615e-02
2.388483491781607723e-02
2.530795177421917702e-02
3.061678661166923610e-02
1.817185857377177222e-02
2.805379265710204739e-02
2.827115572426522686e-02
2.238340303562432604e-02
1.117666209587367745e-02
2.819682046289399141e-02
2.421044207617294858e-02
2.800852106436885550e-02
7.583142263325019089e-03
2.229085120741016932e-02
1.932421376592376866e-02
2.116756789988627832e-02
