0.000000000000000000e+00
1.507537688442211967e-04
2.999847723465815397e-04
4.476930105070810835e-04
5.938784833257198820e-04
7.385411908024978270e-04
8.816811329374148101e-04
1.023298309730471048e-03
1.163392721181666541e-03
1.301964367291001071e-03
1.439013248058474857e-03
1.574539363484087897e-03
1.708542713567840193e-03
1.841023298309731526e-03
1.971981117709761897e-03
2.101416171767931523e-03
2.229328460484240621e-03
2.355717983858688757e-03
2.480584741891275931e-03
2.603928734582002143e-03
2.725749961930867826e-03
2.846048423937872981e-03
2.964824120603016741e-03
3.082077051926299539e-03
3.197807217907722242e-03
3.312014618547283549e-03
3.424699253844984328e-03
3.535861123800824145e-03
3.645500228414803000e-03
3.753616567686921326e-03
3.860210141617179125e-03
3.965280950205575528e-03
4.068828993452111402e-03
4.170854271356786748e-03
4.271356783919599831e-03
4.370336531140554120e-03
4.467793513019646147e-03
4.563727729556877645e-03
4.658139180752248615e-03
4.751027866605759056e-03
4.842393787117407235e-03
4.932236942287196620e-03
5.020557332115123741e-03
5.107354956601191202e-03
5.192629815745396400e-03
5.276381909547741070e-03
5.358611238008226078e-03
5.439317801126848824e-03
5.518501598903611909e-03
5.596162631338514465e-03
5.672300898431554758e-03
5.746916400182735390e-03
5.820009136592054627e-03
5.891579107659512468e-03
5.961626313385110648e-03
6.030150753768847433e-03
6.097152428810723689e-03
6.162631338510738549e-03
6.226587482868892881e-03
6.289020861885187552e-03
6.349931475559619960e-03
6.409319323892191840e-03
6.467184406882903192e-03
6.523526724531753147e-03
6.578346276838742575e-03
6.631643063803871474e-03
6.683417085427139845e-03
6.733668341708545953e-03
6.782396832648092400e-03
6.829602558245777451e-03
6.875285518501602841e-03
6.919445713415566836e-03
6.962083142987669435e-03
7.003197807217911505e-03
7.042789706106293048e-03
7.080858839652813194e-03
7.117405207857473680e-03
7.152428810720271903e-03
7.185929648241210464e-03
7.217907720420286763e-03
7.248363027257503401e-03
7.277295568752858643e-03
7.304705344906353356e-03
7.330592355717987542e-03
7.354956601187761199e-03
7.377798081315673460e-03
7.399116796101724326e-03
7.418912745545915531e-03
7.437185929648245340e-03
7.453936348408713754e-03
7.469164001827322506e-03
7.482868889904069863e-03
7.495051012638955824e-03
7.505710370031981257e-03
7.514846962083147029e-03
7.522460788792450538e-03
7.528551850159895253e-03
7.533120146185475971e-03
7.536165676869198762e-03
7.537688442211059291e-03
7.537688442211059291e-03
7.536165676869198762e-03
7.533120146185475971e-03
7.528551850159895253e-03
7.522460788792450538e-03
7.514846962083147029e-03
7.505710370031981257e-03
7.495051012638955824e-03
7.482868889904069863e-03
7.469164001827322506e-03
7.453936348408713754e-03
7.437185929648245340e-03
7.418912745545915531e-03
7.399116796101724326e-03
7.377798081315673460e-03
7.354956601187761199e-03
7.330592355717987542e-03
7.304705344906353356e-03
7.277295568752858643e-03
7.248363027257503401e-03
7.217907720420286763e-03
7.185929648241210464e-03
7.152428810720271903e-03
7.117405207857473680e-03
7.080858839652813194e-03
7.042789706106293048e-03
7.003197807217911505e-03
6.962083142987669435e-03
6.919445713415566836e-03
6.875285518501602841e-03
6.829602558245777451e-03
6.782396832648092400e-03
6.733668341708545953e-03
6.683417085427139845e-03
6.631643063803871474e-03
6.578346276838742575e-03
6.523526724531753147e-03
6.467184406882903192e-03
6.409319323892191840e-03
6.349931475559619960e-03
6.289020861885187552e-03
6.226587482868892881e-03
6.162631338510738549e-03
6.097152428810723689e-03
6.030150753768847433e-03
5.961626313385110648e-03
5.891579107659512468e-03
5.820009136592054627e-03
5.746916400182735390e-03
5.672300898431554758e-03
5.596162631338514465e-03
5.518501598903611909e-03
5.439317801126848824e-03
5.358611238008226078e-03
5.276381909547741070e-03
5.192629815745396400e-03
5.107354956601191202e-03
5.020557332115123741e-03
4.932236942287196620e-03
4.842393787117407235e-03
4.751027866605759056e-03
4.658139180752248615e-03
4.563727729556877645e-03
4.467793513019646147e-03
4.370336531140554120e-03
4.271356783919599831e-03
4.170854271356786748e-03
4.068828993452111402e-03
3.965280950205575528e-03
3.860210141617179125e-03
3.753616567686921326e-03
3.645500228414803000e-03
3.535861123800824145e-03
3.424699253844984328e-03
3.312014618547283549e-03
3.197807217907722242e-03
3.082077051926299539e-03
2.964824120603016741e-03
2.846048423937872981e-03
2.725749961930867826e-03
2.603928734582002143e-03
2.480584741891275931e-03
2.355717983858688757e-03
2.229328460484240621e-03
2.101416171767931523e-03
1.971981117709761897e-03
1.841023298309731526e-03
1.708542713567840193e-03
1.574539363484087897e-03
1.439013248058474857e-03
1.301964367291001071e-03
1.163392721181666541e-03
1.023298309730471048e-03
8.816811329374148101e-04
7.385411908024978270e-04
5.938784833257198820e-04
4.476930105070810835e-04
2.999847723465815397e-04
1.507537688442211967e-04
0.000000000000000000e+00
