1.890280792547081867e-02
5.573780432137372121e-02
1.711928062494634251e-01
9.743753125481170729e-02
2.566335144238826582e-02
2.695714735374791539e-03
1.031325496977054806e-01
4.083256346004220799e-02
0.000000000000000000e+00
3.265984749695796663e-02
1.027864133034104427e-01
2.951402940779710923e-02
1.295829603195041910e-02
1.546222374834272696e-02
6.668874090970404803e-03
5.996897342506408296e-02
1.402734685312588721e-02
5.009218040379513279e-03
2.594013111010277407e-03
8.649083578262049474e-03
1.481466152146038856e-02
0.000000000000000000e+00
1.308287243131435809e-02
3.859415686611153504e-03
1.077723818517019663e-02
3.703158660665742397e-03
1.068863462631167854e-02
2.724431690437356408e-03
4.524708844822158092e-03
2.325136567346198016e-03
1.859233778497234452e-02
6.413657688445223264e-03
5.600913355870861324e-03
0.000000000000000000e+00
1.673861234767750174e-03
2.373182111142450174e-02
2.175242918868980704e-02
3.923134624267768551e-03
2.534399028733305345e-03
1.629849009452408745e-03
2.594013111010277407e-03
1.985302233177586601e-03
8.032810228277648124e-03
0.000000000000000000e+00
1.919151040964071561e-02
1.811757123371854176e-03
3.045325779036827003e-03
1.369216241737488023e-03
2.386573137281352425e-03
1.337382321801585186e-03
