5.300000000000000000e+02
8.370000000000000000e+02
5.410000000000000000e+02
5.670000000000000000e+02
6.210000000000000000e+02
4.840000000000000000e+02
8.500000000000000000e+02
5.780000000000000000e+02
7.710000000000000000e+02
5.730000000000000000e+02
4.460000000000000000e+02
4.740000000000000000e+02
4.780000000000000000e+02
3.870000000000000000e+02
6.180000000000000000e+02
5.080000000000000000e+02
4.140000000000000000e+02
5.680000000000000000e+02
3.330000000000000000e+02
5.120000000000000000e+02
8.140000000000000000e+02
5.400000000000000000e+02
7.470000000000000000e+02
4.490000000000000000e+02
9.240000000000000000e+02
7.610000000000000000e+02
5.940000000000000000e+02
4.660000000000000000e+02
6.270000000000000000e+02
4.590000000000000000e+02
4.520000000000000000e+02
7.310000000000000000e+02
4.830000000000000000e+02
6.320000000000000000e+02
5.720000000000000000e+02
8.200000000000000000e+02
4.730000000000000000e+02
5.480000000000000000e+02
6.590000000000000000e+02
1.013000000000000000e+03
4.130000000000000000e+02
5.180000000000000000e+02
4.650000000000000000e+02
5.030000000000000000e+02
4.860000000000000000e+02
1.099000000000000000e+03
5.060000000000000000e+02
4.010000000000000000e+02
5.860000000000000000e+02
7.520000000000000000e+02
4.310000000000000000e+02
1.045000000000000000e+03
6.070000000000000000e+02
3.860000000000000000e+02
5.130000000000000000e+02
6.070000000000000000e+02
7.920000000000000000e+02
7.680000000000000000e+02
6.230000000000000000e+02
6.700000000000000000e+02
4.070000000000000000e+02
6.710000000000000000e+02
5.370000000000000000e+02
4.730000000000000000e+02
1.066000000000000000e+03
5.230000000000000000e+02
5.400000000000000000e+02
7.280000000000000000e+02
5.270000000000000000e+02
5.970000000000000000e+02
6.710000000000000000e+02
5.280000000000000000e+02
4.940000000000000000e+02
5.030000000000000000e+02
4.810000000000000000e+02
5.290000000000000000e+02
4.550000000000000000e+02
4.870000000000000000e+02
6.350000000000000000e+02
7.440000000000000000e+02
4.960000000000000000e+02
6.400000000000000000e+02
3.310000000000000000e+02
6.740000000000000000e+02
8.370000000000000000e+02
4.480000000000000000e+02
5.340000000000000000e+02
6.150000000000000000e+02
8.670000000000000000e+02
7.210000000000000000e+02
3.140000000000000000e+02
5.620000000000000000e+02
5.220000000000000000e+02
6.840000000000000000e+02
1.025000000000000000e+03
6.660000000000000000e+02
4.580000000000000000e+02
7.760000000000000000e+02
6.010000000000000000e+02
1.193000000000000000e+03
1.072000000000000000e+03
3.830000000000000000e+02
3.930000000000000000e+02
4.640000000000000000e+02
7.630000000000000000e+02
7.340000000000000000e+02
5.880000000000000000e+02
5.830000000000000000e+02
7.460000000000000000e+02
4.940000000000000000e+02
4.870000000000000000e+02
6.100000000000000000e+02
5.300000000000000000e+02
5.440000000000000000e+02
5.070000000000000000e+02
5.160000000000000000e+02
7.230000000000000000e+02
6.190000000000000000e+02
5.040000000000000000e+02
7.830000000000000000e+02
1.242000000000000000e+03
5.660000000000000000e+02
4.440000000000000000e+02
7.540000000000000000e+02
6.690000000000000000e+02
4.550000000000000000e+02
4.740000000000000000e+02
4.580000000000000000e+02
9.140000000000000000e+02
4.740000000000000000e+02
7.270000000000000000e+02
6.130000000000000000e+02
3.850000000000000000e+02
9.190000000000000000e+02
5.680000000000000000e+02
4.690000000000000000e+02
4.140000000000000000e+02
7.490000000000000000e+02
7.350000000000000000e+02
4.780000000000000000e+02
4.200000000000000000e+02
5.150000000000000000e+02
6.770000000000000000e+02
9.710000000000000000e+02
3.820000000000000000e+02
5.660000000000000000e+02
5.610000000000000000e+02
8.850000000000000000e+02
5.920000000000000000e+02
1.031000000000000000e+03
4.280000000000000000e+02
7.480000000000000000e+02
5.900000000000000000e+02
5.040000000000000000e+02
3.830000000000000000e+02
9.100000000000000000e+02
5.150000000000000000e+02
5.130000000000000000e+02
4.180000000000000000e+02
3.310000000000000000e+02
7.990000000000000000e+02
3.720000000000000000e+02
7.360000000000000000e+02
4.880000000000000000e+02
1.014000000000000000e+03
3.710000000000000000e+02
6.590000000000000000e+02
6.070000000000000000e+02
5.590000000000000000e+02
6.620000000000000000e+02
4.300000000000000000e+02
7.910000000000000000e+02
7.390000000000000000e+02
6.640000000000000000e+02
7.070000000000000000e+02
5.370000000000000000e+02
6.430000000000000000e+02
9.800000000000000000e+02
3.660000000000000000e+02
1.231000000000000000e+03
8.610000000000000000e+02
5.240000000000000000e+02
5.100000000000000000e+02
5.190000000000000000e+02
4.370000000000000000e+02
7.360000000000000000e+02
5.580000000000000000e+02
6.140000000000000000e+02
7.280000000000000000e+02
3.230000000000000000e+02
4.400000000000000000e+02
4.300000000000000000e+02
4.840000000000000000e+02
6.490000000000000000e+02
5.620000000000000000e+02
5.320000000000000000e+02
5.440000000000000000e+02
5.500000000000000000e+02
4.500000000000000000e+02
4.390000000000000000e+02
5.860000000000000000e+02
5.910000000000000000e+02
3.910000000000000000e+02
8.550000000000000000e+02
5.820000000000000000e+02
4.730000000000000000e+02
7.490000000000000000e+02
7.530000000000000000e+02
5.030000000000000000e+02
4.810000000000000000e+02
9.250000000000000000e+02
5.800000000000000000e+02
8.990000000000000000e+02
6.370000000000000000e+02
6.970000000000000000e+02
5.560000000000000000e+02
6.750000000000000000e+02
8.410000000000000000e+02
5.620000000000000000e+02
5.240000000000000000e+02
5.110000000000000000e+02
4.860000000000000000e+02
5.870000000000000000e+02
6.330000000000000000e+02
8.580000000000000000e+02
4.100000000000000000e+02
5.690000000000000000e+02
9.590000000000000000e+02
6.350000000000000000e+02
5.580000000000000000e+02
8.900000000000000000e+02
6.830000000000000000e+02
4.830000000000000000e+02
5.190000000000000000e+02
4.900000000000000000e+02
7.150000000000000000e+02
7.860000000000000000e+02
4.190000000000000000e+02
6.840000000000000000e+02
6.920000000000000000e+02
8.910000000000000000e+02
4.220000000000000000e+02
5.740000000000000000e+02
5.860000000000000000e+02
7.070000000000000000e+02
5.970000000000000000e+02
7.270000000000000000e+02
7.010000000000000000e+02
1.029000000000000000e+03
5.180000000000000000e+02
4.010000000000000000e+02
6.400000000000000000e+02
4.680000000000000000e+02
6.010000000000000000e+02
4.890000000000000000e+02
7.940000000000000000e+02
5.610000000000000000e+02
6.310000000000000000e+02
5.050000000000000000e+02
1.223000000000000000e+03
5.300000000000000000e+02
8.510000000000000000e+02
4.280000000000000000e+02
5.690000000000000000e+02
4.110000000000000000e+02
6.180000000000000000e+02
6.420000000000000000e+02
5.270000000000000000e+02
4.690000000000000000e+02
5.100000000000000000e+02
5.840000000000000000e+02
4.950000000000000000e+02
5.100000000000000000e+02
5.490000000000000000e+02
4.540000000000000000e+02
8.870000000000000000e+02
6.810000000000000000e+02
8.160000000000000000e+02
6.450000000000000000e+02
6.730000000000000000e+02
5.420000000000000000e+02
1.148000000000000000e+03
6.400000000000000000e+02
6.700000000000000000e+02
4.620000000000000000e+02
5.530000000000000000e+02
7.950000000000000000e+02
4.250000000000000000e+02
6.370000000000000000e+02
6.850000000000000000e+02
4.740000000000000000e+02
5.870000000000000000e+02
4.090000000000000000e+02
6.730000000000000000e+02
6.570000000000000000e+02
6.010000000000000000e+02
6.890000000000000000e+02
8.040000000000000000e+02
5.450000000000000000e+02
7.010000000000000000e+02
4.720000000000000000e+02
5.860000000000000000e+02
4.270000000000000000e+02
5.280000000000000000e+02
6.220000000000000000e+02
5.330000000000000000e+02
4.570000000000000000e+02
7.400000000000000000e+02
4.220000000000000000e+02
5.070000000000000000e+02
3.950000000000000000e+02
6.740000000000000000e+02
6.400000000000000000e+02
8.670000000000000000e+02
5.830000000000000000e+02
8.080000000000000000e+02
6.440000000000000000e+02
5.510000000000000000e+02
6.080000000000000000e+02
4.370000000000000000e+02
5.500000000000000000e+02
8.150000000000000000e+02
6.400000000000000000e+02
6.810000000000000000e+02
5.670000000000000000e+02
8.440000000000000000e+02
5.460000000000000000e+02
7.910000000000000000e+02
4.180000000000000000e+02
5.020000000000000000e+02
6.040000000000000000e+02
5.950000000000000000e+02
8.830000000000000000e+02
5.740000000000000000e+02
5.720000000000000000e+02
6.250000000000000000e+02
7.620000000000000000e+02
5.190000000000000000e+02
3.540000000000000000e+02
4.820000000000000000e+02
6.890000000000000000e+02
6.620000000000000000e+02
6.820000000000000000e+02
4.990000000000000000e+02
5.520000000000000000e+02
5.710000000000000000e+02
5.570000000000000000e+02
8.440000000000000000e+02
9.470000000000000000e+02
8.590000000000000000e+02
5.380000000000000000e+02
8.310000000000000000e+02
7.220000000000000000e+02
7.450000000000000000e+02
9.610000000000000000e+02
5.530000000000000000e+02
9.060000000000000000e+02
4.210000000000000000e+02
4.290000000000000000e+02
3.610000000000000000e+02
6.010000000000000000e+02
5.810000000000000000e+02
8.230000000000000000e+02
8.140000000000000000e+02
8.790000000000000000e+02
5.780000000000000000e+02
6.570000000000000000e+02
6.940000000000000000e+02
4.190000000000000000e+02
5.070000000000000000e+02
4.260000000000000000e+02
4.480000000000000000e+02
8.040000000000000000e+02
6.030000000000000000e+02
5.700000000000000000e+02
6.320000000000000000e+02
5.170000000000000000e+02
7.870000000000000000e+02
8.120000000000000000e+02
7.150000000000000000e+02
4.700000000000000000e+02
5.650000000000000000e+02
6.660000000000000000e+02
6.970000000000000000e+02
5.860000000000000000e+02
1.065000000000000000e+03
5.430000000000000000e+02
6.600000000000000000e+02
1.068000000000000000e+03
5.630000000000000000e+02
6.360000000000000000e+02
7.740000000000000000e+02
4.490000000000000000e+02
4.580000000000000000e+02
1.039000000000000000e+03
4.480000000000000000e+02
4.850000000000000000e+02
8.860000000000000000e+02
7.570000000000000000e+02
5.400000000000000000e+02
5.410000000000000000e+02
6.400000000000000000e+02
5.220000000000000000e+02
6.770000000000000000e+02
5.430000000000000000e+02
7.910000000000000000e+02
3.780000000000000000e+02
9.070000000000000000e+02
4.350000000000000000e+02
8.200000000000000000e+02
6.210000000000000000e+02
4.920000000000000000e+02
6.270000000000000000e+02
6.270000000000000000e+02
4.730000000000000000e+02
6.120000000000000000e+02
5.210000000000000000e+02
7.640000000000000000e+02
5.330000000000000000e+02
8.600000000000000000e+02
4.610000000000000000e+02
6.030000000000000000e+02
8.590000000000000000e+02
8.250000000000000000e+02
4.450000000000000000e+02
5.140000000000000000e+02
7.610000000000000000e+02
5.580000000000000000e+02
5.350000000000000000e+02
1.136000000000000000e+03
1.213000000000000000e+03
5.180000000000000000e+02
5.440000000000000000e+02
6.280000000000000000e+02
8.260000000000000000e+02
5.260000000000000000e+02
6.320000000000000000e+02
1.009000000000000000e+03
5.470000000000000000e+02
6.470000000000000000e+02
3.880000000000000000e+02
6.470000000000000000e+02
5.630000000000000000e+02
5.950000000000000000e+02
5.540000000000000000e+02
5.310000000000000000e+02
5.900000000000000000e+02
7.280000000000000000e+02
7.940000000000000000e+02
3.950000000000000000e+02
4.360000000000000000e+02
4.660000000000000000e+02
4.160000000000000000e+02
5.060000000000000000e+02
3.290000000000000000e+02
5.750000000000000000e+02
7.020000000000000000e+02
7.070000000000000000e+02
4.480000000000000000e+02
5.140000000000000000e+02
5.050000000000000000e+02
6.990000000000000000e+02
7.730000000000000000e+02
6.990000000000000000e+02
6.050000000000000000e+02
8.390000000000000000e+02
5.340000000000000000e+02
4.260000000000000000e+02
4.960000000000000000e+02
5.690000000000000000e+02
5.850000000000000000e+02
5.350000000000000000e+02
4.450000000000000000e+02
5.890000000000000000e+02
7.560000000000000000e+02
7.770000000000000000e+02
7.220000000000000000e+02
3.300000000000000000e+02
6.150000000000000000e+02
6.720000000000000000e+02
1.379000000000000000e+03
5.960000000000000000e+02
5.780000000000000000e+02
6.410000000000000000e+02
4.840000000000000000e+02
4.400000000000000000e+02
6.860000000000000000e+02
1.095000000000000000e+03
4.560000000000000000e+02
5.730000000000000000e+02
5.270000000000000000e+02
4.860000000000000000e+02
5.160000000000000000e+02
7.430000000000000000e+02
4.630000000000000000e+02
4.470000000000000000e+02
5.370000000000000000e+02
6.880000000000000000e+02
4.670000000000000000e+02
6.370000000000000000e+02
3.460000000000000000e+02
5.590000000000000000e+02
6.480000000000000000e+02
5.800000000000000000e+02
7.380000000000000000e+02
5.780000000000000000e+02
6.460000000000000000e+02
4.380000000000000000e+02
8.170000000000000000e+02
6.250000000000000000e+02
4.990000000000000000e+02
7.510000000000000000e+02
6.360000000000000000e+02
5.560000000000000000e+02
6.270000000000000000e+02
8.880000000000000000e+02
4.620000000000000000e+02
7.150000000000000000e+02
8.320000000000000000e+02
3.950000000000000000e+02
3.960000000000000000e+02
7.310000000000000000e+02
7.170000000000000000e+02
8.050000000000000000e+02
6.520000000000000000e+02
5.910000000000000000e+02
5.300000000000000000e+02
5.680000000000000000e+02
9.830000000000000000e+02
5.110000000000000000e+02
8.260000000000000000e+02
6.260000000000000000e+02
3.590000000000000000e+02
4.460000000000000000e+02
4.050000000000000000e+02
5.170000000000000000e+02
1.048000000000000000e+03
7.980000000000000000e+02
6.720000000000000000e+02
6.640000000000000000e+02
7.230000000000000000e+02
4.260000000000000000e+02
7.350000000000000000e+02
7.140000000000000000e+02
4.760000000000000000e+02
6.350000000000000000e+02
6.810000000000000000e+02
6.440000000000000000e+02
6.380000000000000000e+02
7.300000000000000000e+02
4.540000000000000000e+02
4.440000000000000000e+02
5.890000000000000000e+02
4.400000000000000000e+02
3.550000000000000000e+02
5.940000000000000000e+02
8.300000000000000000e+02
8.260000000000000000e+02
9.280000000000000000e+02
6.490000000000000000e+02
8.350000000000000000e+02
5.870000000000000000e+02
4.550000000000000000e+02
4.730000000000000000e+02
5.810000000000000000e+02
4.550000000000000000e+02
5.690000000000000000e+02
5.620000000000000000e+02
8.130000000000000000e+02
4.820000000000000000e+02
6.740000000000000000e+02
6.070000000000000000e+02
7.260000000000000000e+02
7.470000000000000000e+02
4.510000000000000000e+02
6.870000000000000000e+02
6.050000000000000000e+02
7.210000000000000000e+02
8.980000000000000000e+02
7.170000000000000000e+02
4.660000000000000000e+02
5.120000000000000000e+02
5.240000000000000000e+02
7.320000000000000000e+02
6.760000000000000000e+02
8.230000000000000000e+02
4.370000000000000000e+02
7.000000000000000000e+02
8.210000000000000000e+02
5.960000000000000000e+02
6.920000000000000000e+02
5.800000000000000000e+02
4.230000000000000000e+02
6.970000000000000000e+02
4.810000000000000000e+02
8.660000000000000000e+02
4.750000000000000000e+02
7.670000000000000000e+02
5.380000000000000000e+02
8.160000000000000000e+02
5.010000000000000000e+02
7.260000000000000000e+02
4.110000000000000000e+02
6.790000000000000000e+02
7.290000000000000000e+02
7.070000000000000000e+02
7.160000000000000000e+02
4.790000000000000000e+02
6.430000000000000000e+02
5.270000000000000000e+02
5.190000000000000000e+02
4.380000000000000000e+02
8.740000000000000000e+02
5.790000000000000000e+02
5.890000000000000000e+02
3.360000000000000000e+02
7.290000000000000000e+02
7.000000000000000000e+02
5.850000000000000000e+02
7.170000000000000000e+02
6.830000000000000000e+02
4.600000000000000000e+02
7.530000000000000000e+02
8.050000000000000000e+02
4.350000000000000000e+02
4.110000000000000000e+02
4.130000000000000000e+02
7.450000000000000000e+02
6.470000000000000000e+02
5.040000000000000000e+02
6.420000000000000000e+02
6.290000000000000000e+02
5.070000000000000000e+02
4.450000000000000000e+02
7.450000000000000000e+02
7.650000000000000000e+02
6.260000000000000000e+02
7.420000000000000000e+02
4.500000000000000000e+02
3.880000000000000000e+02
5.800000000000000000e+02
5.380000000000000000e+02
4.460000000000000000e+02
4.830000000000000000e+02
6.810000000000000000e+02
7.460000000000000000e+02
4.600000000000000000e+02
7.580000000000000000e+02
4.810000000000000000e+02
5.890000000000000000e+02
6.880000000000000000e+02
5.200000000000000000e+02
8.850000000000000000e+02
8.690000000000000000e+02
9.780000000000000000e+02
6.070000000000000000e+02
5.860000000000000000e+02
7.950000000000000000e+02
1.095000000000000000e+03
4.420000000000000000e+02
7.690000000000000000e+02
5.980000000000000000e+02
1.013000000000000000e+03
5.620000000000000000e+02
6.960000000000000000e+02
4.460000000000000000e+02
5.510000000000000000e+02
5.150000000000000000e+02
7.510000000000000000e+02
5.490000000000000000e+02
5.800000000000000000e+02
8.710000000000000000e+02
6.310000000000000000e+02
7.020000000000000000e+02
4.390000000000000000e+02
5.740000000000000000e+02
5.740000000000000000e+02
4.270000000000000000e+02
5.070000000000000000e+02
7.250000000000000000e+02
7.080000000000000000e+02
4.920000000000000000e+02
5.810000000000000000e+02
7.240000000000000000e+02
5.510000000000000000e+02
8.870000000000000000e+02
5.880000000000000000e+02
4.420000000000000000e+02
7.490000000000000000e+02
5.810000000000000000e+02
5.150000000000000000e+02
4.840000000000000000e+02
4.510000000000000000e+02
4.290000000000000000e+02
6.470000000000000000e+02
5.990000000000000000e+02
6.070000000000000000e+02
5.360000000000000000e+02
7.700000000000000000e+02
8.570000000000000000e+02
6.010000000000000000e+02
5.750000000000000000e+02
6.700000000000000000e+02
8.900000000000000000e+02
5.560000000000000000e+02
7.660000000000000000e+02
7.380000000000000000e+02
3.830000000000000000e+02
6.460000000000000000e+02
1.020000000000000000e+03
4.150000000000000000e+02
6.650000000000000000e+02
5.620000000000000000e+02
5.550000000000000000e+02
7.640000000000000000e+02
8.240000000000000000e+02
5.200000000000000000e+02
5.070000000000000000e+02
4.440000000000000000e+02
5.070000000000000000e+02
9.240000000000000000e+02
5.950000000000000000e+02
8.730000000000000000e+02
6.200000000000000000e+02
6.150000000000000000e+02
6.470000000000000000e+02
4.550000000000000000e+02
6.700000000000000000e+02
6.100000000000000000e+02
4.570000000000000000e+02
5.940000000000000000e+02
5.970000000000000000e+02
4.570000000000000000e+02
6.020000000000000000e+02
4.970000000000000000e+02
4.820000000000000000e+02
4.500000000000000000e+02
5.890000000000000000e+02
4.600000000000000000e+02
4.540000000000000000e+02
4.150000000000000000e+02
7.410000000000000000e+02
5.200000000000000000e+02
6.990000000000000000e+02
8.710000000000000000e+02
4.830000000000000000e+02
5.090000000000000000e+02
4.550000000000000000e+02
5.650000000000000000e+02
1.151000000000000000e+03
4.010000000000000000e+02
4.790000000000000000e+02
6.440000000000000000e+02
4.220000000000000000e+02
6.660000000000000000e+02
7.010000000000000000e+02
4.910000000000000000e+02
6.500000000000000000e+02
6.310000000000000000e+02
5.600000000000000000e+02
5.320000000000000000e+02
7.250000000000000000e+02
5.030000000000000000e+02
6.990000000000000000e+02
1.174000000000000000e+03
5.700000000000000000e+02
8.650000000000000000e+02
6.450000000000000000e+02
7.070000000000000000e+02
5.000000000000000000e+02
4.990000000000000000e+02
6.870000000000000000e+02
6.400000000000000000e+02
8.760000000000000000e+02
3.730000000000000000e+02
8.580000000000000000e+02
9.050000000000000000e+02
4.440000000000000000e+02
6.190000000000000000e+02
5.300000000000000000e+02
8.250000000000000000e+02
1.033000000000000000e+03
4.040000000000000000e+02
6.170000000000000000e+02
8.790000000000000000e+02
1.028000000000000000e+03
5.810000000000000000e+02
8.620000000000000000e+02
6.160000000000000000e+02
4.040000000000000000e+02
5.780000000000000000e+02
4.190000000000000000e+02
5.960000000000000000e+02
6.900000000000000000e+02
8.350000000000000000e+02
4.390000000000000000e+02
6.250000000000000000e+02
5.640000000000000000e+02
5.970000000000000000e+02
6.020000000000000000e+02
5.820000000000000000e+02
7.770000000000000000e+02
4.710000000000000000e+02
6.350000000000000000e+02
6.230000000000000000e+02
4.700000000000000000e+02
6.270000000000000000e+02
5.090000000000000000e+02
5.950000000000000000e+02
5.050000000000000000e+02
6.810000000000000000e+02
9.750000000000000000e+02
7.310000000000000000e+02
5.340000000000000000e+02
7.410000000000000000e+02
4.650000000000000000e+02
1.029000000000000000e+03
4.570000000000000000e+02
5.200000000000000000e+02
7.320000000000000000e+02
6.320000000000000000e+02
4.560000000000000000e+02
6.770000000000000000e+02
9.650000000000000000e+02
5.960000000000000000e+02
6.250000000000000000e+02
6.290000000000000000e+02
4.810000000000000000e+02
6.270000000000000000e+02
6.180000000000000000e+02
7.450000000000000000e+02
7.670000000000000000e+02
5.430000000000000000e+02
6.530000000000000000e+02
5.940000000000000000e+02
5.830000000000000000e+02
8.390000000000000000e+02
4.620000000000000000e+02
8.320000000000000000e+02
5.510000000000000000e+02
5.190000000000000000e+02
4.010000000000000000e+02
5.630000000000000000e+02
4.500000000000000000e+02
3.590000000000000000e+02
7.410000000000000000e+02
5.500000000000000000e+02
6.890000000000000000e+02
7.780000000000000000e+02
7.090000000000000000e+02
1.486000000000000000e+03
3.650000000000000000e+02
5.530000000000000000e+02
5.770000000000000000e+02
6.050000000000000000e+02
4.110000000000000000e+02
7.100000000000000000e+02
6.490000000000000000e+02
8.440000000000000000e+02
6.330000000000000000e+02
8.020000000000000000e+02
4.560000000000000000e+02
7.770000000000000000e+02
6.060000000000000000e+02
6.820000000000000000e+02
1.047000000000000000e+03
4.640000000000000000e+02
5.040000000000000000e+02
4.520000000000000000e+02
7.950000000000000000e+02
6.200000000000000000e+02
8.270000000000000000e+02
6.990000000000000000e+02
4.200000000000000000e+02
7.950000000000000000e+02
6.360000000000000000e+02
7.020000000000000000e+02
4.630000000000000000e+02
4.670000000000000000e+02
1.209000000000000000e+03
5.060000000000000000e+02
4.850000000000000000e+02
8.310000000000000000e+02
5.870000000000000000e+02
4.680000000000000000e+02
4.860000000000000000e+02
6.990000000000000000e+02
6.920000000000000000e+02
7.200000000000000000e+02
6.660000000000000000e+02
6.110000000000000000e+02
4.770000000000000000e+02
6.110000000000000000e+02
4.050000000000000000e+02
7.060000000000000000e+02
6.120000000000000000e+02
6.400000000000000000e+02
8.730000000000000000e+02
8.930000000000000000e+02
5.940000000000000000e+02
4.050000000000000000e+02
6.770000000000000000e+02
7.880000000000000000e+02
5.740000000000000000e+02
6.480000000000000000e+02
1.362000000000000000e+03
6.100000000000000000e+02
4.590000000000000000e+02
8.430000000000000000e+02
7.160000000000000000e+02
5.180000000000000000e+02
4.410000000000000000e+02
6.430000000000000000e+02
4.490000000000000000e+02
6.000000000000000000e+02
6.750000000000000000e+02
5.000000000000000000e+02
5.170000000000000000e+02
5.600000000000000000e+02
5.000000000000000000e+02
4.830000000000000000e+02
5.940000000000000000e+02
5.490000000000000000e+02
5.330000000000000000e+02
9.250000000000000000e+02
1.061000000000000000e+03
6.270000000000000000e+02
5.390000000000000000e+02
4.610000000000000000e+02
5.770000000000000000e+02
5.950000000000000000e+02
4.340000000000000000e+02
6.590000000000000000e+02
7.340000000000000000e+02
4.910000000000000000e+02
6.820000000000000000e+02
4.460000000000000000e+02
5.070000000000000000e+02
4.710000000000000000e+02
3.580000000000000000e+02
5.300000000000000000e+02
7.800000000000000000e+02
4.900000000000000000e+02
5.770000000000000000e+02
5.190000000000000000e+02
5.320000000000000000e+02
9.590000000000000000e+02
5.860000000000000000e+02
5.920000000000000000e+02
6.150000000000000000e+02
4.530000000000000000e+02
6.890000000000000000e+02
4.050000000000000000e+02
4.170000000000000000e+02
7.070000000000000000e+02
6.940000000000000000e+02
3.950000000000000000e+02
4.160000000000000000e+02
6.090000000000000000e+02
5.530000000000000000e+02
4.730000000000000000e+02
4.890000000000000000e+02
1.132000000000000000e+03
4.010000000000000000e+02
7.310000000000000000e+02
7.630000000000000000e+02
6.710000000000000000e+02
6.090000000000000000e+02
7.300000000000000000e+02
3.900000000000000000e+02
6.980000000000000000e+02
4.510000000000000000e+02
6.200000000000000000e+02
8.440000000000000000e+02
6.110000000000000000e+02
3.970000000000000000e+02
5.590000000000000000e+02
5.310000000000000000e+02
6.320000000000000000e+02
8.530000000000000000e+02
4.120000000000000000e+02
5.890000000000000000e+02
7.650000000000000000e+02
6.410000000000000000e+02
5.060000000000000000e+02
7.490000000000000000e+02
4.660000000000000000e+02
7.480000000000000000e+02
3.930000000000000000e+02
7.840000000000000000e+02
6.160000000000000000e+02
7.010000000000000000e+02
4.310000000000000000e+02
5.410000000000000000e+02
6.370000000000000000e+02
6.220000000000000000e+02
3.710000000000000000e+02
5.260000000000000000e+02
4.190000000000000000e+02
5.260000000000000000e+02
