1.245000000000000000e+03
1.270000000000000000e+03
1.209000000000000000e+03
1.321000000000000000e+03
1.001000000000000000e+03
1.078000000000000000e+03
1.188000000000000000e+03
1.016000000000000000e+03
1.207000000000000000e+03
7.490000000000000000e+02
9.720000000000000000e+02
1.245000000000000000e+03
1.041000000000000000e+03
9.170000000000000000e+02
2.144000000000000000e+03
1.435000000000000000e+03
1.889000000000000000e+03
1.094000000000000000e+03
9.680000000000000000e+02
1.510000000000000000e+03
7.590000000000000000e+02
1.075000000000000000e+03
1.130000000000000000e+03
1.378000000000000000e+03
1.102000000000000000e+03
9.310000000000000000e+02
1.008000000000000000e+03
1.105000000000000000e+03
8.990000000000000000e+02
1.571000000000000000e+03
1.158000000000000000e+03
1.180000000000000000e+03
1.059000000000000000e+03
9.230000000000000000e+02
1.369000000000000000e+03
7.570000000000000000e+02
1.282000000000000000e+03
1.677000000000000000e+03
1.189000000000000000e+03
8.900000000000000000e+02
9.980000000000000000e+02
1.037000000000000000e+03
8.970000000000000000e+02
1.083000000000000000e+03
1.297000000000000000e+03
1.352000000000000000e+03
6.570000000000000000e+02
8.860000000000000000e+02
1.013000000000000000e+03
1.545000000000000000e+03
1.042000000000000000e+03
8.350000000000000000e+02
9.890000000000000000e+02
1.029000000000000000e+03
1.014000000000000000e+03
1.193000000000000000e+03
1.170000000000000000e+03
8.860000000000000000e+02
1.529000000000000000e+03
1.164000000000000000e+03
1.049000000000000000e+03
1.108000000000000000e+03
1.474000000000000000e+03
8.280000000000000000e+02
8.920000000000000000e+02
7.180000000000000000e+02
8.060000000000000000e+02
8.510000000000000000e+02
1.509000000000000000e+03
8.320000000000000000e+02
6.830000000000000000e+02
1.104000000000000000e+03
1.239000000000000000e+03
1.342000000000000000e+03
1.121000000000000000e+03
1.103000000000000000e+03
1.228000000000000000e+03
9.720000000000000000e+02
1.588000000000000000e+03
1.567000000000000000e+03
1.159000000000000000e+03
1.026000000000000000e+03
1.927000000000000000e+03
1.026000000000000000e+03
8.220000000000000000e+02
9.430000000000000000e+02
1.004000000000000000e+03
9.690000000000000000e+02
1.939000000000000000e+03
1.015000000000000000e+03
1.415000000000000000e+03
8.970000000000000000e+02
9.080000000000000000e+02
1.068000000000000000e+03
1.736000000000000000e+03
1.435000000000000000e+03
1.090000000000000000e+03
1.174000000000000000e+03
1.412000000000000000e+03
1.469000000000000000e+03
9.850000000000000000e+02
8.590000000000000000e+02
1.413000000000000000e+03
1.044000000000000000e+03
9.990000000000000000e+02
1.113000000000000000e+03
1.272000000000000000e+03
1.537000000000000000e+03
7.850000000000000000e+02
1.414000000000000000e+03
1.116000000000000000e+03
8.250000000000000000e+02
7.690000000000000000e+02
1.063000000000000000e+03
1.258000000000000000e+03
1.922000000000000000e+03
1.182000000000000000e+03
1.088000000000000000e+03
1.162000000000000000e+03
1.729000000000000000e+03
1.245000000000000000e+03
1.367000000000000000e+03
8.800000000000000000e+02
1.601000000000000000e+03
1.464000000000000000e+03
8.820000000000000000e+02
1.219000000000000000e+03
1.063000000000000000e+03
1.034000000000000000e+03
6.340000000000000000e+02
9.360000000000000000e+02
1.070000000000000000e+03
9.280000000000000000e+02
1.191000000000000000e+03
2.391000000000000000e+03
9.930000000000000000e+02
9.510000000000000000e+02
1.415000000000000000e+03
1.331000000000000000e+03
1.054000000000000000e+03
9.700000000000000000e+02
8.260000000000000000e+02
1.230000000000000000e+03
1.895000000000000000e+03
1.286000000000000000e+03
1.893000000000000000e+03
1.538000000000000000e+03
1.235000000000000000e+03
1.884000000000000000e+03
1.779000000000000000e+03
1.056000000000000000e+03
1.209000000000000000e+03
1.423000000000000000e+03
1.025000000000000000e+03
1.111000000000000000e+03
7.770000000000000000e+02
1.477000000000000000e+03
1.763000000000000000e+03
1.612000000000000000e+03
1.252000000000000000e+03
1.463000000000000000e+03
1.343000000000000000e+03
1.097000000000000000e+03
2.137000000000000000e+03
1.049000000000000000e+03
1.632000000000000000e+03
1.258000000000000000e+03
1.348000000000000000e+03
8.890000000000000000e+02
9.640000000000000000e+02
9.500000000000000000e+02
8.570000000000000000e+02
1.088000000000000000e+03
1.538000000000000000e+03
8.750000000000000000e+02
1.177000000000000000e+03
1.345000000000000000e+03
1.094000000000000000e+03
1.493000000000000000e+03
9.960000000000000000e+02
1.068000000000000000e+03
1.204000000000000000e+03
1.207000000000000000e+03
1.163000000000000000e+03
1.826000000000000000e+03
1.673000000000000000e+03
1.291000000000000000e+03
9.940000000000000000e+02
9.530000000000000000e+02
1.344000000000000000e+03
1.201000000000000000e+03
9.520000000000000000e+02
1.433000000000000000e+03
1.295000000000000000e+03
9.610000000000000000e+02
8.490000000000000000e+02
1.444000000000000000e+03
1.348000000000000000e+03
1.423000000000000000e+03
1.016000000000000000e+03
1.198000000000000000e+03
1.209000000000000000e+03
1.200000000000000000e+03
1.019000000000000000e+03
1.237000000000000000e+03
1.039000000000000000e+03
1.702000000000000000e+03
7.890000000000000000e+02
9.650000000000000000e+02
1.155000000000000000e+03
7.550000000000000000e+02
1.211000000000000000e+03
7.490000000000000000e+02
8.370000000000000000e+02
8.390000000000000000e+02
9.910000000000000000e+02
1.217000000000000000e+03
1.307000000000000000e+03
1.064000000000000000e+03
1.498000000000000000e+03
1.475000000000000000e+03
1.389000000000000000e+03
2.197000000000000000e+03
1.110000000000000000e+03
1.030000000000000000e+03
1.362000000000000000e+03
1.317000000000000000e+03
9.590000000000000000e+02
1.453000000000000000e+03
1.089000000000000000e+03
7.180000000000000000e+02
1.178000000000000000e+03
1.906000000000000000e+03
9.450000000000000000e+02
1.777000000000000000e+03
8.700000000000000000e+02
1.403000000000000000e+03
1.379000000000000000e+03
1.414000000000000000e+03
1.288000000000000000e+03
8.540000000000000000e+02
1.132000000000000000e+03
9.260000000000000000e+02
9.890000000000000000e+02
9.140000000000000000e+02
1.168000000000000000e+03
1.357000000000000000e+03
7.980000000000000000e+02
9.390000000000000000e+02
1.797000000000000000e+03
1.439000000000000000e+03
1.438000000000000000e+03
1.482000000000000000e+03
9.770000000000000000e+02
7.200000000000000000e+02
1.544000000000000000e+03
1.084000000000000000e+03
1.036000000000000000e+03
1.066000000000000000e+03
1.428000000000000000e+03
1.529000000000000000e+03
1.884000000000000000e+03
8.020000000000000000e+02
9.380000000000000000e+02
1.244000000000000000e+03
9.530000000000000000e+02
1.360000000000000000e+03
9.480000000000000000e+02
9.950000000000000000e+02
8.960000000000000000e+02
1.174000000000000000e+03
1.182000000000000000e+03
1.483000000000000000e+03
1.065000000000000000e+03
6.380000000000000000e+02
1.722000000000000000e+03
1.161000000000000000e+03
9.310000000000000000e+02
1.747000000000000000e+03
9.810000000000000000e+02
8.810000000000000000e+02
1.120000000000000000e+03
1.142000000000000000e+03
1.142000000000000000e+03
2.121000000000000000e+03
1.035000000000000000e+03
1.049000000000000000e+03
1.058000000000000000e+03
1.108000000000000000e+03
1.092000000000000000e+03
1.050000000000000000e+03
1.113000000000000000e+03
1.121000000000000000e+03
7.090000000000000000e+02
1.063000000000000000e+03
1.073000000000000000e+03
9.100000000000000000e+02
1.549000000000000000e+03
1.156000000000000000e+03
1.011000000000000000e+03
1.236000000000000000e+03
1.287000000000000000e+03
1.376000000000000000e+03
1.034000000000000000e+03
8.050000000000000000e+02
1.111000000000000000e+03
8.070000000000000000e+02
1.463000000000000000e+03
9.210000000000000000e+02
8.230000000000000000e+02
1.351000000000000000e+03
1.263000000000000000e+03
1.745000000000000000e+03
1.221000000000000000e+03
1.116000000000000000e+03
1.015000000000000000e+03
1.007000000000000000e+03
1.697000000000000000e+03
9.170000000000000000e+02
1.518000000000000000e+03
9.480000000000000000e+02
1.344000000000000000e+03
1.219000000000000000e+03
1.065000000000000000e+03
9.560000000000000000e+02
1.045000000000000000e+03
7.890000000000000000e+02
9.800000000000000000e+02
1.038000000000000000e+03
1.120000000000000000e+03
1.281000000000000000e+03
1.299000000000000000e+03
1.509000000000000000e+03
9.320000000000000000e+02
1.352000000000000000e+03
9.310000000000000000e+02
1.031000000000000000e+03
1.018000000000000000e+03
1.530000000000000000e+03
1.374000000000000000e+03
1.202000000000000000e+03
6.030000000000000000e+02
9.250000000000000000e+02
9.810000000000000000e+02
1.476000000000000000e+03
1.059000000000000000e+03
1.533000000000000000e+03
9.110000000000000000e+02
8.970000000000000000e+02
1.057000000000000000e+03
1.630000000000000000e+03
1.299000000000000000e+03
9.710000000000000000e+02
1.651000000000000000e+03
1.952000000000000000e+03
1.528000000000000000e+03
1.186000000000000000e+03
1.213000000000000000e+03
1.051000000000000000e+03
9.800000000000000000e+02
1.164000000000000000e+03
1.544000000000000000e+03
1.051000000000000000e+03
1.408000000000000000e+03
1.011000000000000000e+03
9.100000000000000000e+02
1.418000000000000000e+03
1.320000000000000000e+03
1.391000000000000000e+03
1.305000000000000000e+03
9.740000000000000000e+02
2.367000000000000000e+03
1.220000000000000000e+03
9.450000000000000000e+02
1.068000000000000000e+03
1.537000000000000000e+03
1.558000000000000000e+03
1.382000000000000000e+03
1.667000000000000000e+03
1.211000000000000000e+03
1.239000000000000000e+03
1.794000000000000000e+03
1.363000000000000000e+03
8.730000000000000000e+02
1.356000000000000000e+03
1.534000000000000000e+03
1.285000000000000000e+03
8.990000000000000000e+02
1.087000000000000000e+03
1.619000000000000000e+03
1.338000000000000000e+03
8.540000000000000000e+02
8.050000000000000000e+02
1.205000000000000000e+03
1.782000000000000000e+03
1.498000000000000000e+03
1.376000000000000000e+03
1.365000000000000000e+03
1.022000000000000000e+03
1.764000000000000000e+03
1.584000000000000000e+03
1.596000000000000000e+03
1.593000000000000000e+03
1.673000000000000000e+03
9.880000000000000000e+02
1.040000000000000000e+03
1.340000000000000000e+03
1.646000000000000000e+03
1.090000000000000000e+03
8.260000000000000000e+02
1.059000000000000000e+03
1.085000000000000000e+03
1.090000000000000000e+03
1.412000000000000000e+03
1.240000000000000000e+03
1.297000000000000000e+03
8.710000000000000000e+02
1.667000000000000000e+03
1.035000000000000000e+03
1.362000000000000000e+03
1.415000000000000000e+03
1.346000000000000000e+03
1.357000000000000000e+03
1.386000000000000000e+03
1.026000000000000000e+03
1.034000000000000000e+03
9.340000000000000000e+02
9.260000000000000000e+02
1.382000000000000000e+03
8.350000000000000000e+02
9.100000000000000000e+02
1.160000000000000000e+03
1.142000000000000000e+03
1.144000000000000000e+03
1.419000000000000000e+03
1.497000000000000000e+03
1.091000000000000000e+03
8.980000000000000000e+02
1.160000000000000000e+03
1.141000000000000000e+03
1.015000000000000000e+03
1.152000000000000000e+03
1.988000000000000000e+03
8.000000000000000000e+02
1.538000000000000000e+03
1.183000000000000000e+03
1.399000000000000000e+03
1.665000000000000000e+03
1.367000000000000000e+03
9.420000000000000000e+02
1.355000000000000000e+03
1.143000000000000000e+03
1.431000000000000000e+03
1.529000000000000000e+03
1.154000000000000000e+03
1.112000000000000000e+03
1.242000000000000000e+03
1.085000000000000000e+03
1.023000000000000000e+03
1.461000000000000000e+03
1.034000000000000000e+03
1.535000000000000000e+03
1.275000000000000000e+03
1.268000000000000000e+03
1.433000000000000000e+03
1.606000000000000000e+03
1.015000000000000000e+03
9.060000000000000000e+02
1.187000000000000000e+03
1.058000000000000000e+03
1.676000000000000000e+03
1.816000000000000000e+03
1.492000000000000000e+03
1.113000000000000000e+03
1.325000000000000000e+03
1.883000000000000000e+03
1.339000000000000000e+03
1.190000000000000000e+03
9.940000000000000000e+02
1.174000000000000000e+03
1.145000000000000000e+03
1.734000000000000000e+03
7.320000000000000000e+02
1.033000000000000000e+03
8.420000000000000000e+02
2.000000000000000000e+03
1.049000000000000000e+03
1.875000000000000000e+03
1.593000000000000000e+03
1.477000000000000000e+03
1.661000000000000000e+03
9.060000000000000000e+02
9.970000000000000000e+02
1.018000000000000000e+03
1.554000000000000000e+03
1.228000000000000000e+03
1.401000000000000000e+03
1.043000000000000000e+03
1.673000000000000000e+03
1.950000000000000000e+03
9.370000000000000000e+02
1.323000000000000000e+03
1.319000000000000000e+03
1.175000000000000000e+03
6.550000000000000000e+02
1.855000000000000000e+03
1.444000000000000000e+03
1.110000000000000000e+03
1.328000000000000000e+03
1.209000000000000000e+03
1.377000000000000000e+03
8.340000000000000000e+02
1.010000000000000000e+03
1.616000000000000000e+03
7.140000000000000000e+02
1.093000000000000000e+03
1.018000000000000000e+03
9.440000000000000000e+02
1.496000000000000000e+03
1.148000000000000000e+03
6.600000000000000000e+02
1.600000000000000000e+03
1.445000000000000000e+03
1.502000000000000000e+03
1.013000000000000000e+03
1.516000000000000000e+03
1.162000000000000000e+03
8.300000000000000000e+02
1.152000000000000000e+03
1.184000000000000000e+03
1.465000000000000000e+03
7.600000000000000000e+02
7.600000000000000000e+02
1.113000000000000000e+03
8.980000000000000000e+02
1.161000000000000000e+03
7.550000000000000000e+02
1.678000000000000000e+03
1.429000000000000000e+03
7.480000000000000000e+02
1.306000000000000000e+03
9.990000000000000000e+02
1.493000000000000000e+03
1.229000000000000000e+03
1.288000000000000000e+03
2.366000000000000000e+03
1.317000000000000000e+03
9.620000000000000000e+02
1.558000000000000000e+03
7.950000000000000000e+02
1.088000000000000000e+03
7.480000000000000000e+02
1.031000000000000000e+03
1.041000000000000000e+03
9.290000000000000000e+02
1.164000000000000000e+03
8.900000000000000000e+02
8.600000000000000000e+02
1.114000000000000000e+03
1.108000000000000000e+03
1.302000000000000000e+03
1.587000000000000000e+03
2.024000000000000000e+03
1.483000000000000000e+03
1.299000000000000000e+03
1.085000000000000000e+03
1.025000000000000000e+03
7.600000000000000000e+02
1.930000000000000000e+03
1.245000000000000000e+03
7.650000000000000000e+02
1.070000000000000000e+03
1.767000000000000000e+03
1.099000000000000000e+03
1.151000000000000000e+03
9.610000000000000000e+02
1.125000000000000000e+03
1.203000000000000000e+03
1.067000000000000000e+03
1.198000000000000000e+03
9.670000000000000000e+02
1.367000000000000000e+03
2.052000000000000000e+03
1.291000000000000000e+03
1.712000000000000000e+03
1.113000000000000000e+03
1.250000000000000000e+03
1.588000000000000000e+03
1.800000000000000000e+03
1.149000000000000000e+03
1.217000000000000000e+03
1.441000000000000000e+03
1.363000000000000000e+03
1.288000000000000000e+03
7.330000000000000000e+02
9.780000000000000000e+02
1.062000000000000000e+03
1.616000000000000000e+03
1.217000000000000000e+03
1.164000000000000000e+03
9.970000000000000000e+02
1.793000000000000000e+03
1.111000000000000000e+03
1.726000000000000000e+03
1.095000000000000000e+03
1.654000000000000000e+03
9.640000000000000000e+02
1.048000000000000000e+03
1.404000000000000000e+03
8.700000000000000000e+02
1.353000000000000000e+03
1.182000000000000000e+03
2.681000000000000000e+03
1.422000000000000000e+03
1.012000000000000000e+03
8.870000000000000000e+02
6.370000000000000000e+02
1.226000000000000000e+03
2.084000000000000000e+03
9.710000000000000000e+02
8.110000000000000000e+02
1.062000000000000000e+03
8.180000000000000000e+02
1.168000000000000000e+03
1.699000000000000000e+03
1.376000000000000000e+03
1.064000000000000000e+03
1.375000000000000000e+03
8.060000000000000000e+02
1.008000000000000000e+03
8.550000000000000000e+02
1.450000000000000000e+03
1.014000000000000000e+03
7.880000000000000000e+02
9.990000000000000000e+02
1.296000000000000000e+03
1.607000000000000000e+03
1.193000000000000000e+03
7.250000000000000000e+02
1.164000000000000000e+03
1.346000000000000000e+03
1.396000000000000000e+03
1.493000000000000000e+03
1.198000000000000000e+03
8.620000000000000000e+02
9.340000000000000000e+02
1.686000000000000000e+03
8.980000000000000000e+02
1.338000000000000000e+03
1.144000000000000000e+03
1.036000000000000000e+03
8.450000000000000000e+02
2.135000000000000000e+03
1.325000000000000000e+03
1.410000000000000000e+03
1.474000000000000000e+03
1.184000000000000000e+03
1.098000000000000000e+03
1.096000000000000000e+03
9.510000000000000000e+02
9.940000000000000000e+02
1.207000000000000000e+03
1.291000000000000000e+03
6.120000000000000000e+02
8.730000000000000000e+02
9.990000000000000000e+02
1.738000000000000000e+03
9.400000000000000000e+02
1.224000000000000000e+03
1.647000000000000000e+03
9.680000000000000000e+02
7.100000000000000000e+02
6.060000000000000000e+02
1.431000000000000000e+03
1.141000000000000000e+03
1.752000000000000000e+03
1.109000000000000000e+03
1.374000000000000000e+03
8.900000000000000000e+02
1.021000000000000000e+03
1.490000000000000000e+03
1.826000000000000000e+03
9.550000000000000000e+02
8.180000000000000000e+02
8.180000000000000000e+02
8.890000000000000000e+02
1.095000000000000000e+03
9.790000000000000000e+02
1.123000000000000000e+03
1.028000000000000000e+03
1.530000000000000000e+03
1.195000000000000000e+03
1.048000000000000000e+03
1.462000000000000000e+03
1.481000000000000000e+03
1.088000000000000000e+03
1.082000000000000000e+03
9.260000000000000000e+02
1.429000000000000000e+03
8.670000000000000000e+02
1.538000000000000000e+03
1.372000000000000000e+03
1.608000000000000000e+03
9.840000000000000000e+02
9.440000000000000000e+02
1.388000000000000000e+03
1.178000000000000000e+03
1.231000000000000000e+03
1.497000000000000000e+03
1.358000000000000000e+03
1.104000000000000000e+03
1.051000000000000000e+03
9.490000000000000000e+02
9.250000000000000000e+02
1.297000000000000000e+03
1.043000000000000000e+03
1.346000000000000000e+03
9.500000000000000000e+02
7.660000000000000000e+02
1.230000000000000000e+03
1.593000000000000000e+03
1.200000000000000000e+03
1.103000000000000000e+03
8.630000000000000000e+02
1.292000000000000000e+03
6.710000000000000000e+02
1.049000000000000000e+03
1.231000000000000000e+03
1.711000000000000000e+03
6.480000000000000000e+02
1.330000000000000000e+03
1.294000000000000000e+03
1.166000000000000000e+03
9.510000000000000000e+02
1.692000000000000000e+03
1.562000000000000000e+03
6.230000000000000000e+02
1.099000000000000000e+03
7.160000000000000000e+02
8.230000000000000000e+02
1.969000000000000000e+03
1.842000000000000000e+03
1.333000000000000000e+03
1.753000000000000000e+03
1.540000000000000000e+03
8.370000000000000000e+02
1.105000000000000000e+03
1.177000000000000000e+03
9.540000000000000000e+02
1.333000000000000000e+03
1.196000000000000000e+03
7.780000000000000000e+02
7.970000000000000000e+02
1.168000000000000000e+03
1.203000000000000000e+03
1.544000000000000000e+03
2.130000000000000000e+03
1.545000000000000000e+03
8.030000000000000000e+02
1.048000000000000000e+03
1.563000000000000000e+03
2.079000000000000000e+03
1.405000000000000000e+03
1.033000000000000000e+03
1.465000000000000000e+03
9.400000000000000000e+02
1.338000000000000000e+03
1.431000000000000000e+03
1.891000000000000000e+03
1.021000000000000000e+03
1.409000000000000000e+03
1.336000000000000000e+03
1.013000000000000000e+03
1.805000000000000000e+03
1.458000000000000000e+03
2.176000000000000000e+03
2.005000000000000000e+03
1.593000000000000000e+03
1.197000000000000000e+03
1.278000000000000000e+03
1.079000000000000000e+03
1.634000000000000000e+03
8.710000000000000000e+02
9.090000000000000000e+02
2.356000000000000000e+03
1.283000000000000000e+03
9.490000000000000000e+02
1.264000000000000000e+03
1.178000000000000000e+03
8.430000000000000000e+02
7.040000000000000000e+02
1.001000000000000000e+03
1.662000000000000000e+03
1.359000000000000000e+03
1.283000000000000000e+03
1.102000000000000000e+03
8.680000000000000000e+02
1.320000000000000000e+03
1.051000000000000000e+03
1.294000000000000000e+03
1.373000000000000000e+03
9.880000000000000000e+02
9.780000000000000000e+02
8.930000000000000000e+02
1.105000000000000000e+03
9.520000000000000000e+02
9.010000000000000000e+02
1.053000000000000000e+03
1.432000000000000000e+03
1.092000000000000000e+03
1.224000000000000000e+03
1.288000000000000000e+03
9.080000000000000000e+02
1.214000000000000000e+03
8.180000000000000000e+02
1.126000000000000000e+03
1.472000000000000000e+03
1.145000000000000000e+03
1.284000000000000000e+03
6.320000000000000000e+02
1.428000000000000000e+03
1.012000000000000000e+03
1.364000000000000000e+03
9.810000000000000000e+02
1.232000000000000000e+03
1.960000000000000000e+03
1.126000000000000000e+03
8.640000000000000000e+02
1.100000000000000000e+03
1.932000000000000000e+03
1.720000000000000000e+03
1.459000000000000000e+03
1.190000000000000000e+03
8.200000000000000000e+02
1.132000000000000000e+03
1.346000000000000000e+03
1.400000000000000000e+03
1.125000000000000000e+03
8.350000000000000000e+02
1.083000000000000000e+03
1.277000000000000000e+03
1.131000000000000000e+03
1.180000000000000000e+03
9.240000000000000000e+02
1.167000000000000000e+03
1.246000000000000000e+03
8.230000000000000000e+02
9.460000000000000000e+02
2.320000000000000000e+03
8.350000000000000000e+02
1.147000000000000000e+03
1.120000000000000000e+03
1.023000000000000000e+03
1.389000000000000000e+03
7.150000000000000000e+02
1.798000000000000000e+03
9.920000000000000000e+02
1.547000000000000000e+03
1.630000000000000000e+03
1.009000000000000000e+03
8.340000000000000000e+02
1.052000000000000000e+03
7.350000000000000000e+02
1.507000000000000000e+03
9.130000000000000000e+02
9.240000000000000000e+02
9.370000000000000000e+02
1.116000000000000000e+03
1.032000000000000000e+03
9.980000000000000000e+02
1.136000000000000000e+03
1.218000000000000000e+03
1.522000000000000000e+03
8.430000000000000000e+02
1.648000000000000000e+03
1.689000000000000000e+03
8.460000000000000000e+02
1.584000000000000000e+03
8.130000000000000000e+02
1.031000000000000000e+03
7.620000000000000000e+02
1.876000000000000000e+03
1.255000000000000000e+03
1.055000000000000000e+03
1.007000000000000000e+03
1.363000000000000000e+03
1.189000000000000000e+03
1.338000000000000000e+03
1.370000000000000000e+03
9.000000000000000000e+02
1.077000000000000000e+03
1.167000000000000000e+03
1.694000000000000000e+03
1.362000000000000000e+03
9.820000000000000000e+02
9.290000000000000000e+02
1.950000000000000000e+03
1.709000000000000000e+03
1.171000000000000000e+03
1.464000000000000000e+03
1.735000000000000000e+03
8.790000000000000000e+02
1.699000000000000000e+03
1.141000000000000000e+03
1.300000000000000000e+03
1.199000000000000000e+03
1.167000000000000000e+03
8.230000000000000000e+02
1.583000000000000000e+03
1.121000000000000000e+03
1.423000000000000000e+03
9.010000000000000000e+02
1.044000000000000000e+03
1.271000000000000000e+03
9.770000000000000000e+02
1.082000000000000000e+03
1.856000000000000000e+03
8.760000000000000000e+02
1.425000000000000000e+03
9.000000000000000000e+02
1.797000000000000000e+03
1.308000000000000000e+03
1.487000000000000000e+03
9.190000000000000000e+02
9.610000000000000000e+02
8.390000000000000000e+02
1.857000000000000000e+03
1.073000000000000000e+03
8.570000000000000000e+02
1.287000000000000000e+03
1.186000000000000000e+03
1.235000000000000000e+03
8.720000000000000000e+02
9.640000000000000000e+02
1.518000000000000000e+03
1.418000000000000000e+03
1.750000000000000000e+03
1.113000000000000000e+03
1.305000000000000000e+03
1.118000000000000000e+03
1.119000000000000000e+03
1.476000000000000000e+03
7.390000000000000000e+02
1.185000000000000000e+03
1.380000000000000000e+03
1.673000000000000000e+03
9.110000000000000000e+02
1.307000000000000000e+03
1.414000000000000000e+03
1.266000000000000000e+03
9.820000000000000000e+02
1.302000000000000000e+03
8.280000000000000000e+02
1.321000000000000000e+03
8.860000000000000000e+02
1.460000000000000000e+03
1.098000000000000000e+03
9.080000000000000000e+02
9.780000000000000000e+02
9.500000000000000000e+02
1.429000000000000000e+03
9.730000000000000000e+02
1.311000000000000000e+03
1.225000000000000000e+03
1.864000000000000000e+03
1.598000000000000000e+03
1.178000000000000000e+03
1.356000000000000000e+03
1.595000000000000000e+03
1.541000000000000000e+03
1.509000000000000000e+03
9.610000000000000000e+02
1.919000000000000000e+03
1.777000000000000000e+03
1.171000000000000000e+03
2.011000000000000000e+03
9.590000000000000000e+02
1.346000000000000000e+03
1.501000000000000000e+03
9.940000000000000000e+02
9.780000000000000000e+02
1.458000000000000000e+03
1.651000000000000000e+03
8.290000000000000000e+02
6.500000000000000000e+02
9.000000000000000000e+02
1.616000000000000000e+03
8.340000000000000000e+02
1.865000000000000000e+03
1.133000000000000000e+03
1.610000000000000000e+03
1.166000000000000000e+03
9.700000000000000000e+02
1.437000000000000000e+03
1.057000000000000000e+03
9.040000000000000000e+02
1.975000000000000000e+03
9.620000000000000000e+02
1.649000000000000000e+03
1.630000000000000000e+03
