1.443637971127240648e-02
4.772459904550802046e-03
4.249959915000801891e-03
1.029491979410160352e-02
1.441929971161400557e-02
1.545189969096200620e-02
1.090387978192240356e-02
1.094833978103320477e-02
4.977419900451601591e-03
1.635119967297600724e-03
1.441609971167800638e-02
2.016797959664040976e-02
1.442313971153720564e-02
4.986319900273601669e-03
6.750359864992803126e-03
1.443585971128280576e-02
1.439849971203000650e-02
8.961999820760003371e-03
2.016119959677600826e-02
4.749739905005202073e-03
4.752299904954002119e-03
1.547223969055520551e-02
3.338859933222801130e-03
1.027897979442040331e-02
1.626019967479600589e-03
8.946619821067603937e-03
8.947819821043603850e-03
3.335499933290001287e-03
4.971579900568402245e-03
1.092425978151480466e-02
1.230115975397680535e-02
1.089549978209000507e-02
1.717173965656520682e-02
1.229259975414800574e-02
1.028157979436840341e-02
1.092703978145920414e-02
4.252919914941601619e-03
1.857735962845280878e-02
2.018321959633560814e-02
8.961539820769203607e-03
4.974159900516802318e-03
3.339699933206001416e-03
3.333999933320001396e-03
1.857127962857440737e-02
1.228889975422200499e-02
1.028377979432440470e-02
1.856623962867520738e-02
4.255959914880801456e-03
1.028375979432480380e-02
1.548881969022360659e-02
1.548019969039600603e-02
4.262039914759201999e-03
1.026991979460160388e-02
1.093067978138640393e-02
4.762779904744401764e-03
8.946799821064003316e-03
3.327039933459201380e-03
3.333119933337601488e-03
1.442869971142600634e-02
4.970779900584402014e-03
1.091941978161160495e-02
4.773599904528001876e-03
1.441723971165520535e-02
3.346039933079201448e-03
8.945299821094003859e-03
1.548273969034520692e-02
4.748299905034001830e-03
1.857597962848040601e-02
1.861333962773320874e-02
4.265719914685601848e-03
1.031299979374000406e-02
4.751859904962801515e-03
8.982399820352003628e-03
1.642659967146800669e-03
1.857613962847720623e-02
1.548899969022000597e-02
1.091061978178760501e-02
4.990079900198401627e-03
1.547601969047960636e-02
3.330439933391201278e-03
1.720865965582680721e-02
1.859913962801720833e-02
1.224815975503680543e-02
4.764459904710802336e-03
8.944739821105203090e-03
5.004239899915201989e-03
1.718863965622720660e-02
4.270839914583201939e-03
6.746499865070003030e-03
2.017593959648120855e-02
1.720057965598840652e-02
1.639919967201600593e-03
4.265399914692001408e-03
1.028031979439360429e-02
4.263999914720002088e-03
6.754879864902402394e-03
6.761239864775202453e-03
1.860167962796640748e-02
4.970039900599201865e-03
1.548235969035280553e-02
