1.708091931676322672e-02
2.192549912298003348e-02
1.720337931186482691e-02
1.851641925934323016e-02
1.890157924393683075e-02
2.022757919089683207e-02
2.422461903101523831e-02
1.824937927002482849e-02
1.752771929889122837e-02
2.031989918720403243e-02
1.919969923201203174e-02
1.799529928018802835e-02
1.664331933426722518e-02
1.896057924157682970e-02
1.888165924473363122e-02
1.868213925271442963e-02
1.887509924499602976e-02
2.215073911397043641e-02
1.959767921609283092e-02
2.006997919720083373e-02
2.238877910444883601e-02
1.802169927913202865e-02
1.961453921541842990e-02
2.111095915556163508e-02
2.289571908417123783e-02
2.322951907081923645e-02
1.905285923788562971e-02
2.176181912952723438e-02
1.905975923760962892e-02
1.881169924753203077e-02
2.190587912376483481e-02
1.822079927116802833e-02
1.851609925935603085e-02
1.848315926067363099e-02
1.867549925298003094e-02
2.129201914831923420e-02
2.178873912845043573e-02
2.356343905746243611e-02
1.939497922420083120e-02
2.273227909070883734e-02
2.274109909035603588e-02
2.082177916712883367e-02
1.702381931904722867e-02
2.275263908989443723e-02
2.145073914197043533e-02
2.273587909056483738e-02
1.582491936700322621e-02
2.071181917152723276e-02
1.978299920868003062e-02
2.040087918396483319e-02
