7.899605019749012674e-05
2.299885005749712386e-04
3.649817509124544035e-04
5.029748512574371520e-04
6.319684015799210139e-04
7.669616519174040975e-04
9.209539523023849150e-04
1.066946652667366590e-03
1.198940052997350117e-03
1.329933503324833791e-03
1.472926353682315909e-03
1.609919504024798697e-03
1.749912504374781259e-03
1.893905304734763229e-03
2.029898505074746382e-03
2.166891655417228953e-03
2.300884955752212184e-03
2.419879006049697415e-03
2.533873306334683169e-03
2.660866956652167218e-03
2.788860556972151336e-03
2.912854357282136045e-03
3.049847507624618616e-03
3.169841507924603917e-03
3.284835758212089306e-03
3.407829608519573946e-03
3.506824658767061700e-03
3.621818909054547089e-03
3.732813359332033502e-03
3.817809109544522891e-03
3.931803409829508211e-03
4.033798310084496172e-03
4.099795010249487719e-03
4.184790760461977108e-03
4.289785510724463541e-03
4.386780660966952024e-03
4.483775811209439639e-03
4.581770911454427324e-03
4.667766611669416782e-03
4.744762761861906486e-03
4.814759262036898309e-03
4.899755012249387698e-03
4.994750262486876043e-03
5.074746262686865954e-03
5.151742412879355658e-03
5.233738313084345707e-03
5.318734063296835096e-03
5.392730363481826328e-03
5.460726963651817145e-03
5.540722963851807056e-03
5.620718964051797835e-03
5.694715264236788199e-03
5.768711564421778563e-03
5.844707764611769066e-03
5.908704564771761342e-03
5.962701864906754662e-03
6.021698915054247460e-03
6.090695465226738346e-03
6.164691765411729578e-03
6.222688865556722307e-03
6.274686265686715489e-03
6.332683365831708218e-03
6.394680265986700356e-03
6.453677316134193154e-03
6.495675216239188247e-03
6.539673016349182612e-03
6.598670066496675410e-03
6.649667516624168523e-03
6.693665316734162887e-03
6.747662616869156207e-03
6.794660266986650779e-03
6.841657917104144483e-03
6.886655667216638917e-03
6.931653417329133350e-03
6.982650867456627330e-03
7.022648867556622286e-03
7.063646817659117311e-03
7.112644367781611153e-03
7.158642067896604788e-03
7.198640067996599744e-03
7.230638468076595882e-03
7.258637068146592611e-03
7.289635518224088680e-03
7.318634068296585478e-03
7.347632618369081409e-03
7.367631618419079320e-03
7.387630618469076364e-03
7.408629568521574345e-03
7.420628968551572571e-03
7.428628568571571389e-03
7.439628018599070414e-03
7.461626918654067596e-03
7.475626218689065960e-03
7.465626718664067005e-03
7.467626618669066275e-03
7.483625818709064778e-03
7.497625118744063143e-03
7.508624568771561300e-03
7.510624468776561438e-03
7.524623768811559803e-03
7.542622868856557576e-03
7.543622818859056778e-03
7.540622968851557438e-03
7.531623418829058551e-03
7.516624168791560118e-03
7.511624418779060640e-03
7.500624968751562482e-03
7.488625568721564256e-03
7.476626168691565162e-03
7.461626918654067596e-03
7.449627518624068502e-03
7.424628768561571980e-03
7.398630068496575389e-03
7.377631118444077409e-03
7.353632318384080956e-03
7.319634018299084680e-03
7.280635968201589793e-03
7.251637418129093862e-03
7.226638668066596473e-03
7.202639868006600020e-03
7.179641017949102769e-03
7.161641917904104995e-03
7.120643967801609971e-03
7.061646917654117173e-03
7.018649067546622877e-03
6.979651017449127123e-03
6.925653717314134671e-03
6.860656967151642326e-03
6.810659467026648414e-03
6.777661116944153075e-03
6.747662616869156207e-03
6.708664566771661321e-03
6.656667166641668139e-03
6.611669416529173705e-03
6.573671316434178021e-03
6.522673866306684907e-03
6.470676466176690858e-03
6.430678466076695902e-03
6.377681115944202651e-03
6.307684615769211696e-03
6.246687665616718760e-03
6.188690565471726031e-03
6.121693915304234415e-03
6.043697815109244642e-03
5.966701664916754071e-03
5.907704614769261273e-03
5.840707964601769657e-03
5.774711264436778110e-03
5.706714664266786426e-03
5.637718114094295539e-03
5.576721163941802603e-03
5.495725213739312623e-03
5.410729463526823234e-03
5.345732713364331756e-03
5.283735813209339618e-03
5.196740162991850091e-03
5.104744762761861954e-03
5.034748262586870998e-03
4.953752312384381018e-03
4.856757162141892535e-03
4.758762061896904851e-03
4.654767261636918486e-03
4.552772361381930526e-03
4.450777461126943432e-03
4.356782160891955157e-03
4.271786410679465767e-03
4.179791010449477630e-03
4.081795910204489945e-03
3.984800759962002330e-03
3.886805659717014211e-03
3.776811159442027867e-03
3.656817159142043000e-03
3.551822408879556133e-03
3.450827458627068675e-03
3.345832708364581808e-03
3.244837758112094350e-03
3.137843107844607779e-03
3.028848557572121503e-03
2.919854007299635228e-03
2.820858957052147474e-03
2.727863606819658834e-03
2.607869606519673967e-03
2.479876006199689849e-03
2.360881955902205051e-03
2.224888755562221682e-03
2.088895555222238746e-03
1.966901654917254175e-03
1.842907854607269682e-03
1.708914554272286451e-03
1.565921703914804333e-03
1.416929153542322885e-03
1.272936353182340915e-03
1.132943352832358353e-03
9.839508024598769050e-04
8.409579521023948954e-04
6.829658517074146690e-04
5.419729013549322554e-04
4.189790510474476152e-04
2.579871006449677780e-04
8.399580020998949619e-05
