1.938078837152697881e-02
4.264137441517534821e-02
1.158155305106816912e-01
6.902135858718484729e-02
2.369138578516852972e-02
9.042994574203254768e-03
7.248335650998609381e-02
3.304978017013189551e-02
7.351795588922646271e-03
2.795278322833006160e-02
7.252395648562610930e-02
2.612358432584940479e-02
1.556279066232560231e-02
1.707598975440614841e-02
1.143219314068411561e-02
4.533277280033631840e-02
1.620819027508583338e-02
1.063139362116382811e-02
8.902594658443204259e-03
1.280459231724460911e-02
1.668838998696600684e-02
7.337795597322641257e-03
1.571159057304565704e-02
9.732594160443502895e-03
1.419719148168511157e-02
9.673194196083482327e-03
1.409899154060507628e-02
9.060194563883261845e-03
1.021579387052367824e-02
8.797994721203166585e-03
1.915298850820689597e-02
1.140319315808410554e-02
1.088439346936391841e-02
7.332795600322640148e-03
8.411994952803028211e-03
2.228938662636802473e-02
2.112518732488760653e-02
9.840594095643542816e-03
8.992394604563237054e-03
8.345994992403004201e-03
9.010394593763243129e-03
8.662594802443118053e-03
1.236339258196445141e-02
7.301595619042628924e-03
1.942858834284699396e-02
8.458794924723045047e-03
9.236794457923325555e-03
8.182395090562946324e-03
8.838594696843182080e-03
8.194995083002950056e-03
